4 	 200 	 300 
63	85	126	159	-1.5069252503409842
51	60	87	145	-4.448419867940576
9	138	171	186	7.419119454362438
134	137	149	182	-1.6384212742839281
87	95	148	159	0.40026835760427204
9	45	98	168	4.465172389250846
3	97	118	170	-2.5662834746413044
16	69	185	194	6.801190085844876
15	26	30	49	2.5694761928039895
16	65	69	196	-4.257150742277838
2	105	117	141	9.431014687866572
105	113	145	181	5.766902287991858
61	90	136	190	0.3368446514583123
109	123	132	159	-6.710350380621906
22	55	125	142	-3.4347139739722117
4	91	138	170	1.4462110666490773
16	43	71	103	3.784583147657532
95	115	118	197	7.727971007473894
45	64	99	107	0.7115521218440062
9	65	124	140	9.7223935170801
82	142	168	187	8.78057691258832
120	168	179	186	-8.607595927973614
60	139	154	196	2.6127042245955305
5	7	88	111	-7.707732895819765
40	132	171	191	-4.742915253993239
7	34	38	143	-8.854177478095561
9	26	82	166	9.056323703983928
46	93	124	140	2.6784504534349107
4	25	39	123	0.012067921367842516
16	28	163	171	3.429384132245648
38	133	183	186	-3.1875913817782875
104	130	146	162	6.239942315571692
31	157	175	195	1.171044856885775
21	75	80	101	9.311320946327676
40	112	122	170	-7.92257596181448
11	54	143	192	1.4961895541558334
50	76	97	130	-5.160340000108317
25	30	107	163	-2.5505032571584234
16	47	175	178	5.787140541604181
89	128	158	171	2.349978505056363
12	39	74	90	-2.40338159151837
3	18	27	160	-9.900045390043626
68	91	144	164	-0.909853361423405
3	10	52	175	6.254187935192565
13	77	87	165	-6.122427694926542
8	56	145	158	8.280768245707925
89	96	110	153	2.001699098784739
10	17	58	132	-9.907445228745669
60	113	162	198	3.52228397650687
57	58	126	174	-2.492785964545064
11	37	59	190	0.822587056379497
89	98	111	125	-9.477365141484368
51	66	81	119	-6.271382278959427
22	60	107	116	-4.101370746515636
40	114	120	163	-7.082816726874903
28	33	89	130	2.6725195614908532
7	97	118	149	-9.170476182328535
1	106	120	178	-8.604689311189004
11	16	20	153	2.0675363787228047
69	74	82	175	1.9620922809942485
92	126	191	192	1.4377124585975771
55	122	137	167	5.879298840618585
54	92	146	176	-5.164015174724392
21	22	104	110	-8.019112845624495
23	49	107	198	9.037538854195432
37	115	175	187	8.93063377151735
69	81	116	180	7.4520065546299
8	39	106	124	3.2334565728092723
38	98	104	192	-4.836296824259765
27	88	124	180	-6.990846854283966
36	106	139	156	0.5980390349213884
80	86	87	90	-1.0218312507989697
21	123	133	186	-5.007627094810241
42	94	102	156	-7.480027543827637
75	103	147	180	-8.540146533637866
17	64	76	161	-3.939989004296778
52	106	160	167	7.948061077043775
9	110	117	122	2.550999555062072
86	162	172	179	-9.591975329861018
1	146	171	199	7.514110226117623
7	68	69	140	-7.212513324300069
17	47	102	199	-4.365058221833536
43	92	133	135	9.757898274789358
74	89	123	157	-4.042776601047608
40	186	188	200	5.041654074355526
35	103	164	168	-5.505459391980696
9	21	111	155	2.9867533308023653
86	96	146	156	8.46978191676656
54	89	98	163	8.817637060185099
19	41	57	89	2.3766312278082573
19	62	120	195	4.8065894342091795
42	72	130	163	-7.6106731142002415
17	133	190	200	5.700130372167859
12	39	86	104	-0.17363107892822427
22	122	149	181	-7.515007043989083
9	126	134	184	0.24002818147522476
7	26	49	150	-5.007871530781143
9	22	36	194	6.863271535157185
62	110	113	125	7.80395259716731
62	90	174	187	-8.020432967706661
3	57	116	185	1.7998043013244764
89	90	158	165	-3.022323438940031
75	143	162	178	6.9744390106378304
20	72	108	116	2.7759185057082707
71	111	153	166	2.9921587710014634
54	62	185	191	-7.489239264712301
49	111	174	177	-5.862136317554468
105	127	156	179	-1.130932679830556
33	102	103	175	2.6858161418805437
18	22	138	182	8.857498866942834
85	102	182	186	-3.8525020403297
19	33	87	131	-6.082032720837152
57	118	161	190	4.767197878159008
23	136	152	194	6.467029836331484
6	18	84	163	-4.89477201846549
57	120	146	175	-5.082608181189892
96	115	123	132	8.35433789222791
66	107	137	152	9.27933040658165
39	89	92	140	-4.317628238940989
111	130	176	199	-9.037398682698361
24	28	188	196	-7.687711237861672
1	122	156	179	7.062023731229232
39	77	97	174	-4.2779770947303275
23	88	110	120	4.089917080388965
30	72	79	158	6.647589820862979
26	31	63	164	-3.170249073511185
80	81	174	178	-9.443841612045546
25	166	180	190	9.025317736374934
12	129	133	149	0.9045649513558907
2	17	171	176	3.310681186352234
20	71	151	162	-6.477310938835763
22	24	127	178	-2.4062273541596486
13	60	63	80	-0.36257020496260495
7	37	100	180	-3.1890050464010784
65	83	113	131	6.368566009500039
2	11	72	115	-5.501803975287041
4	50	58	120	-6.680368195904061
15	41	44	140	-5.000152133883864
44	47	117	139	-2.6777020755979652
45	62	94	198	-2.504002490499233
27	51	79	88	-7.693725559740166
36	98	177	186	5.976423965958277
22	50	79	176	1.327830738743783
70	141	151	190	-7.733554619686309
8	38	162	186	-9.433423237853848
67	78	130	140	1.6549883694940544
116	169	186	197	-5.954650014000129
80	108	173	189	2.3703892877856507
36	55	70	97	-4.01104874332276
66	68	85	132	1.595415869160803
17	52	76	132	9.631485161109723
17	35	43	167	-7.606439279121851
29	131	142	194	-0.6209017993604089
4	6	90	106	-2.342446654139132
46	65	118	182	-5.464546658540481
7	15	98	131	-0.4767696619491364
12	26	86	135	-4.473190976285162
41	42	61	116	-5.442357687045803
21	23	72	110	-5.584849386785624
47	94	172	175	-1.1295670048055655
21	26	64	184	2.495770193050637
44	137	174	181	0.038337883511347925
58	91	109	179	-2.9167865664005177
59	99	179	198	-0.8378282396838266
24	137	142	173	4.042361420037642
33	68	87	165	-1.3509009159531438
26	74	98	147	-1.8001927446867843
36	46	107	163	5.509934830837475
24	72	78	153	4.077786183414258
12	39	111	197	8.918143431812723
59	114	139	194	-3.9269149391543294
38	87	110	160	2.881139024840902
19	86	167	185	-1.12033633208031
12	52	114	189	5.352986331326004
53	55	151	189	-3.2551005824287156
12	29	105	135	5.385837754525657
65	104	180	198	-8.170818987742692
20	31	51	200	-9.84674405508056
12	28	163	170	7.325530636467516
17	61	137	170	-9.113149280071335
71	94	131	159	7.949704129482566
80	91	140	167	8.474739679255809
22	27	31	117	8.64309689967962
69	90	139	153	2.0119092248084236
72	94	160	174	-9.344112494026717
30	137	140	179	-8.985054284377325
32	35	53	83	-1.26487296898717
31	107	154	177	-3.1276098891795705
10	30	41	79	2.4641976629222544
5	46	73	168	4.640646200336047
20	110	155	181	0.7867068310994831
122	151	180	196	-7.4755174284796215
52	103	114	172	1.749279465866664
29	36	59	181	1.3596242719136882
37	56	117	197	-4.360741819590794
22	26	46	199	1.6947806493066597
57	77	106	150	4.539800456440627
50	82	102	105	6.166337658510848
66	78	120	123	-6.835778266424166
6	130	145	196	-8.597231619835718
42	97	104	125	6.500265784044991
53	69	129	145	-9.175586408651235
34	158	169	199	-2.6601151945933594
14	35	46	117	4.765731794492263
15	81	136	144	-5.638079850089546
61	70	82	141	7.655533638676367
39	100	191	198	-5.556804036496079
16	144	147	149	9.167386062376526
21	102	121	172	-0.15254843688434505
64	67	80	105	-8.34736346836895
9	45	62	84	-5.933539625341888
68	121	136	169	-4.214234216366202
144	153	177	198	4.343823738185559
41	107	151	168	-1.066086025843095
39	125	164	182	1.7644039535569096
34	61	102	153	-7.84796698596073
5	123	156	179	-9.140599056374558
28	60	65	178	9.30051286555586
21	60	113	140	3.9164811921461116
35	117	121	161	-7.839987695747106
32	48	89	107	2.2654239527530873
64	67	75	109	-0.07621475185412052
29	55	156	168	-5.779920256286804
39	42	144	170	-6.1135979474197715
51	87	120	146	0.29077794341979946
78	156	172	189	8.379613669910832
11	133	159	174	6.571747798082651
18	34	54	73	-9.21728879176644
14	25	64	85	4.441018438961606
35	70	132	159	2.04351130147748
4	24	75	100	-6.380166892703
36	52	97	170	-6.071231050781954
23	34	136	199	6.309811776133472
24	151	153	180	-0.35928215844746525
101	125	186	188	1.080404360115585
28	112	141	193	9.881320271895213
20	102	108	200	0.1440674289022681
34	141	150	197	-4.457110465445602
55	76	149	159	-5.452704172980765
19	116	178	194	-4.841437189856174
25	73	110	148	1.60017720031475
24	58	77	178	2.8898271237735695
22	54	123	146	-6.306319645919616
38	47	129	198	4.265983235051266
159	177	178	198	-0.6196285439496574
25	69	96	120	-7.982588115952661
67	108	155	156	-5.897400245954554
97	112	145	172	1.0161930801237418
31	97	136	175	-9.920608091756772
1	2	173	196	0.9358416680239614
13	65	72	192	-1.9379128954155576
34	40	74	103	-1.5657179760221744
31	55	169	170	-8.260382730959517
56	73	120	154	6.018080370876383
13	53	148	160	1.4903402093300517
44	92	112	124	8.250834159561172
6	31	89	180	-2.1594999723543467
12	158	160	177	3.434441457052664
119	171	182	188	-9.330036193552742
76	136	157	160	5.804514046060966
47	125	186	189	-7.39335879563543
35	59	130	164	4.571166148127816
60	71	76	182	-9.0440604317902
5	33	59	101	-8.83725262956287
49	61	81	84	-4.677052751908784
119	128	175	179	3.676534557028198
48	54	109	178	8.852538925387577
29	94	151	157	-3.7786510931643953
58	153	155	183	0.6964938825895661
7	34	132	149	-4.838653863198534
63	71	109	175	-1.9340240221623795
24	35	46	109	2.430957952975694
40	46	100	136	-0.2635485311951058
166	179	187	189	-9.184494486839135
65	90	99	171	8.376977961559668
16	27	108	149	0.25659869766337984
9	34	154	176	-7.391810314895602
92	125	192	197	-9.065053924816988
148	156	164	166	-9.288699229326983
46	65	133	161	0.3444314809939826
7	32	112	128	2.790699687437119
1	72	102	165	2.4215899740015026
27	113	125	141	1.7028301714530372
1	71	128	149	6.914724261203219
48	49	142	200	9.903016295121333
9	77	81	151	9.61351055691587
33	71	98	109	-4.112909772401592
11	35	54	196	-8.521462824234069
32	137	141	170	0.01995377364206341
28	119	143	192	6.197625665139267
6	29	83	106	-9.448009796243785
99	109	113	177	2.9970419787531064
39	158	185	195	-3.2299542993782264
63	70	99	117	7.400963143609886
47	54	109	165	4.608195591808633
40	89	92	151	-7.970494452810248
70	74	104	167	4.444007119585278
82	84	104	149	-1.8742722497257347
14	88	176	195	-1.950920493526496
6	21	100	181	7.8160510638854745
-1