3 	 200 	 400 
41	95	154	2.3227045940637012
4	13	91	-1.6774402133164834
45	51	82	8.602239052193326
88	99	171	-0.9569461783535438
5	124	171	9.204553633875978
123	140	184	7.560447239044475
101	125	154	1.578287878778493
52	159	196	9.267161912137396
130	134	176	-9.060566665971145
104	167	178	-3.740759537179244
45	187	196	-4.352615272203706
52	79	137	-3.4527704435039457
1	102	136	1.379607199135588
23	43	49	7.02639796317942
46	57	199	-4.645891912770184
63	70	122	-1.201701244053666
62	146	175	7.501095859449222
126	133	193	1.96227199179582
89	90	136	7.750452927088666
3	70	138	-1.5790264803199694
7	19	171	-0.7312053083184384
40	41	200	7.142785539121991
3	77	128	2.074227805115312
26	58	65	-1.7277973755716793
83	156	183	-1.2827608809445898
85	148	185	6.175280351875937
112	143	169	-3.7281948448704405
14	122	173	-4.361271101292623
51	74	125	-8.391506931294161
137	182	199	8.89962902371709
31	138	165	3.4785596485516113
49	53	115	1.9772469943525905
9	92	186	-9.534664471253535
1	105	188	-2.616721930030213
67	96	106	4.933933314421834
83	138	187	-4.356344209211582
65	135	185	-9.508623573875642
75	95	113	-2.6675287757169492
76	97	191	-0.928738953334129
101	107	114	-8.543501332768013
14	67	109	0.3058834786283313
29	91	142	-0.42556216819432713
16	80	187	0.07937821333566752
147	178	192	6.475520325298774
29	107	189	-1.0624805676384526
31	79	200	3.3370679704922157
25	46	95	-8.983550046544352
6	169	198	2.3636338454680423
45	90	134	-8.51146979544044
108	123	137	2.503102923138659
6	36	199	-3.1661769496563004
15	176	184	-6.817175178967869
21	90	194	3.032217253398958
55	108	129	-4.59597592949401
53	138	185	-0.8193927716849831
73	82	136	0.7622178126149581
13	30	182	-3.347922199469102
19	30	162	1.537486467353899
16	132	198	-2.3883398165844056
16	46	83	0.33783668575071424
81	102	154	0.8713146473094575
5	185	194	2.588517302947812
5	32	199	9.517972588655407
2	130	152	8.280605436913529
32	46	138	9.757916361764273
16	50	72	4.723058819344921
63	81	112	3.1233701778432383
82	83	188	-4.440097614644845
60	95	183	7.210423535168584
97	113	170	-4.186201667993144
29	55	98	3.216608510881178
28	83	130	-1.6334075767685903
85	90	161	-0.9538049392008539
8	11	42	-0.9124515372259552
27	37	165	1.1965333772473485
47	118	194	2.6922761524374224
33	61	134	-4.255274901156194
110	128	179	3.2791164398566437
22	32	50	0.9126192008601031
94	104	106	-4.145803345851837
34	114	190	-4.751304783189778
101	135	171	-6.483226203002415
18	84	109	0.6485514289283696
42	116	135	8.729387450140301
17	43	189	-0.4671384286832456
105	121	122	4.561868650604858
21	33	68	-2.017726599342362
54	123	173	0.7912231678672992
42	53	123	-0.25945979352405146
121	135	199	4.113151600323883
57	69	180	-5.65996641841473
18	139	179	2.153961045786396
46	132	198	8.529751420167685
9	85	121	-9.578239434767635
70	173	176	6.733619213469563
20	103	120	-5.927562877799675
90	123	184	-7.267782206985092
30	73	141	7.973179407027512
69	98	153	0.9316644860561762
43	116	151	2.1658153421750708
72	133	189	1.9108042553301665
31	36	140	-2.341548518789276
118	162	198	7.6383812281855015
84	178	197	-4.209154504433197
6	106	177	-8.99923505773626
2	87	150	-0.7084273435972612
64	83	95	8.30674049266571
97	152	181	7.357055713992153
32	89	179	-4.091620074435234
10	89	181	6.879717093813593
33	173	200	1.8429633039687232
23	26	107	-3.6345344361619247
155	173	178	-5.14276358267165
7	105	198	3.432569550965482
21	60	122	7.8869426035091585
88	175	199	8.767367670446205
40	72	160	-8.416079542386377
54	125	181	-8.514403478677268
1	8	108	-9.79174248968505
2	5	83	-3.705807941656145
67	96	102	5.266210409241287
18	44	113	-6.588298863184026
159	184	186	-9.56848444115002
23	54	148	6.27149902523502
54	144	173	2.637283535648775
47	175	183	-4.3189902384177685
51	84	123	-7.660059339765873
83	120	126	-2.6620680072604337
66	90	194	-3.1041323890425376
156	170	195	-2.7120621878976507
48	96	140	9.323939647395015
32	173	198	-5.628958645323586
14	38	139	2.198348880887762
44	98	171	5.405483326732002
105	126	158	-3.922577906645916
90	135	165	5.691892520133408
9	40	169	2.136746235487765
17	99	197	-5.170174651315667
112	114	130	-6.340618763643753
74	89	191	1.4253350245423704
75	98	179	-9.95372598261766
47	102	119	4.0540630966965985
20	117	176	9.19628810246282
9	95	120	-8.444585156196322
30	38	63	-3.4485653208677185
130	168	192	0.1020123241212989
65	94	176	3.0156644236182277
39	177	193	-3.499399091180287
4	106	156	6.213883060836519
43	95	169	-4.997579436267337
101	122	141	1.3469431304903914
10	116	142	0.9055557731703718
107	141	194	9.78991850526985
20	29	148	-1.6038048261258702
28	88	192	5.7215533148847975
9	16	158	-1.3864950504904439
22	33	63	-8.793223386506261
60	61	192	-1.6454863757394413
37	49	92	2.864156540920746
20	63	69	-9.62666390461819
9	138	163	-3.1027638787008964
4	56	119	-1.118781791746743
65	144	170	-3.3978004044976107
94	104	199	-4.073912691088319
27	110	156	2.251059709640735
39	156	179	-4.066135726800811
81	172	193	6.382682327342003
16	85	170	-1.9262600594727797
117	125	148	8.608903076797521
120	155	188	3.386667979109051
25	33	189	-6.61708530291212
61	122	142	7.264375888920959
14	38	93	-0.8696575317718835
38	122	166	-8.013237267654358
13	105	193	-3.5694619936784022
23	125	191	-6.48099075607905
89	92	159	-4.00452540004485
93	173	200	-1.6303693382190598
1	130	192	7.09909906829893
75	90	105	-1.7560184214011176
24	58	153	8.222005307071615
51	56	168	-8.751539786844324
136	167	173	6.535824537730729
81	90	94	2.7895941964622892
108	145	149	1.0716839229901431
52	109	119	9.271701139598857
99	148	198	-9.414761428609342
72	126	200	7.3182983456262996
136	161	163	4.7617667625466105
60	94	195	0.9210371147366914
14	83	165	1.540881405814794
33	67	200	5.295764611695539
12	76	87	1.277094986255527
22	131	161	6.502410462036313
61	107	167	1.9618676539905149
31	96	183	2.325683834192734
26	106	199	2.990428296456484
6	9	164	-3.6911125740362705
24	176	190	-2.996194766021847
6	174	182	-4.041901421137625
57	147	160	7.779512001699921
28	72	186	-5.106514140859253
127	145	173	-5.7264748009581545
53	91	179	-8.895678900588006
47	84	130	0.636267779667337
2	99	139	5.896473254199908
16	71	151	-1.78476445082749
72	129	178	0.20521526973219295
45	76	199	5.06547496455919
76	120	136	-0.34415767220627735
35	117	153	-7.113647988572433
74	101	117	9.773017594784875
14	59	80	-2.243895927413069
83	105	116	5.506076229494264
30	38	74	1.6651319918553487
123	187	196	5.768875869457762
156	167	168	9.694699516996373
19	60	135	3.2128215391129054
120	129	136	-7.955140739894451
126	137	190	-6.750380569973473
111	117	155	-5.88052095484761
113	141	172	4.658048386635848
50	78	152	-1.3878414662778624
161	162	167	4.247658703824644
31	77	183	2.1383264116585927
106	169	174	-5.6456417798426495
27	99	101	-7.424485626841153
36	41	200	-2.2466576298366085
7	8	125	0.9068123916187059
13	32	71	-4.570326446326893
30	153	175	8.403914090548042
10	91	133	-4.069400311196105
37	43	74	3.086092502834571
33	137	165	1.5391290731248546
85	131	178	1.5478400529088443
53	56	100	3.1928393341636667
128	191	192	9.808904704006306
17	76	103	-6.768770386135681
3	42	79	1.8994221480007933
8	87	89	3.7232375681173586
15	87	194	-9.134914059266437
7	12	33	-0.5435175029269512
92	102	125	-4.191561031609954
40	108	183	-6.953182018601785
10	133	177	3.87166084491561
126	137	184	-0.22685470213664338
32	106	163	4.386785243872067
92	125	172	4.881165235608101
55	68	83	-3.855390141188513
130	142	185	0.5491414509575865
6	31	105	5.9693680290331645
81	102	177	5.924218774573118
95	150	162	1.5394143360762733
72	137	177	-8.3119305457209
23	164	184	-5.525587428913276
75	79	93	-4.846751778404914
139	181	199	2.9437315589865154
28	95	166	-8.256361588780717
67	100	200	-4.45879214771373
41	160	192	-3.836582715585715
77	80	134	-1.379971889379096
124	137	161	7.130276487575941
77	85	145	-6.229752244988402
40	114	130	-5.451734688873236
27	123	200	-3.2323706964292303
45	174	176	-4.57136024177585
93	162	167	2.083303503599815
113	132	191	9.947284711190317
26	40	91	4.994030199619912
12	35	68	5.043225397314062
26	93	159	-1.3562521377245833
17	141	165	4.818317122250228
105	165	196	2.5773018105197174
9	33	172	-6.726744731643763
16	23	134	-6.742148607115912
9	49	82	-1.5380732864796869
37	121	130	8.881641090472083
22	90	115	-5.588066266868177
105	125	199	9.5841689544452
85	115	174	-3.8182278424763716
58	189	196	-7.666385932753446
94	99	163	4.294381632240469
19	21	136	3.8683894140434845
2	57	147	6.317375028426916
85	93	101	-6.957829084951744
9	143	192	-6.171020826455134
11	167	174	-6.334123565670051
51	85	133	-1.883431019777511
51	93	174	4.794062594494468
150	182	192	9.82450885267102
16	33	167	-5.557535643794063
56	57	103	4.769692809204475
8	80	134	-3.729925675650536
1	152	162	-8.2341619633395
56	96	137	-1.6115896461142647
83	112	128	-3.3894446021816504
5	103	134	0.5638963880445615
46	96	195	-3.5825059275590876
46	92	161	-8.218359033248854
120	132	171	4.81504693046624
24	147	192	-3.446124049834596
2	12	143	-3.77213852147287
51	145	176	2.5330496048211835
63	97	144	5.557265251487362
17	98	113	-0.46414272106526866
16	75	148	8.963018206276146
88	139	161	-5.417959266448653
123	138	191	1.332195072548128
62	141	158	-3.64993241568291
85	87	114	1.4773554789997085
81	146	199	7.056476230023961
16	107	125	-7.02775893028752
37	160	176	0.05666063132984611
51	86	97	-2.7156531940358093
72	137	180	-5.024584372833103
166	192	196	-1.2404150083724819
17	91	196	-5.14530120588204
10	24	200	-3.2431263392627034
18	26	119	5.87602903545789
57	71	88	5.7344099454379
31	54	81	-5.306563857314188
51	64	68	-5.684541001827865
10	25	144	-0.04865009120180552
74	188	194	-7.178034743338804
138	143	178	-9.909938740442911
2	4	64	0.3651269484792685
75	78	93	-0.4146274695681047
61	73	97	-6.756902098172297
83	85	126	-7.801687740750238
40	103	186	0.3521048957941524
8	89	186	3.5894312940506303
20	35	195	5.447069826718465
24	30	177	-9.071213894672399
8	136	173	-5.933023608455721
105	157	200	-0.09135110338491259
6	33	110	-5.058794757821195
18	125	179	-7.640683248636755
104	131	164	-1.3705871267213343
49	84	111	8.624096056375542
10	146	153	-7.675581917657328
82	83	180	6.011922136310801
55	88	91	-5.841855359770001
24	119	129	-4.993655290845127
46	152	195	-3.0836690978171033
65	140	171	-1.407796438788992
25	124	195	-6.577806846754106
34	65	179	5.97627491139286
57	73	130	8.235991351451275
62	110	151	-2.7100313120954294
43	96	121	-4.468784239974786
38	134	157	5.952075155606611
28	36	194	5.462373227786843
37	101	195	0.3063665304937686
27	79	180	7.728425371534225
62	70	103	-3.0708653756523496
81	102	127	7.250340681434679
17	68	121	9.666328009552728
11	56	75	-6.534291166575848
39	43	179	-6.527502725737049
59	114	171	-1.8490216072031487
95	121	161	-9.84623053097003
100	157	185	1.4911634538646616
50	179	195	3.4732870853091775
42	143	159	2.6356377780081033
23	25	177	-4.097229376119578
51	78	144	-7.749023032283306
88	153	195	-3.9305125007594537
25	93	164	1.1904107563824056
24	54	146	8.082903164791226
16	90	128	1.1688560602637956
1	86	177	3.9704000042186234
45	147	148	-2.541083344186836
17	156	194	-9.724887978413296
164	182	187	-1.6449353114759582
44	79	198	2.2081812510451684
27	30	119	-1.6183937468702467
92	142	188	7.530343992085442
79	118	171	0.21875118372169666
99	115	171	3.139046777715219
25	44	153	-9.167484727969333
38	143	185	-2.526059233577387
86	187	194	7.415067584970554
23	181	194	-6.372842711790168
22	54	125	-5.423136642482009
121	137	175	-5.343601262579494
70	85	136	7.524465887567072
61	97	172	5.053439337410088
88	89	106	-8.35213930020134
88	93	195	-5.284374759535173
82	146	178	-6.7456248049549306
49	62	165	0.20703826661619118
43	163	184	2.5788405578316507
29	179	188	4.9819238819060825
34	154	167	-8.194031447284967
85	118	167	5.698006969863886
77	105	160	3.648739143644839
40	47	195	-2.9179259056019884
117	147	167	5.352451040252626
74	98	180	3.7670115476669057
30	131	197	-6.819879367820681
-1