3 	 200 	 500 
74	131	155	4.255048506143943
155	162	180	-4.636591852342229
3	30	167	1.7914529552467169
1	124	193	8.603418967529471
8	34	111	5.557438070932733
59	151	183	9.115692080315174
19	97	98	-8.367916160814286
23	50	149	-6.997621995117456
75	165	185	-9.012066045537505
42	58	181	3.1948930429658766
31	37	61	7.9280915306737505
26	132	165	6.287408842548771
27	124	176	-1.1708968333345773
36	100	166	-4.452023145951607
148	149	162	-1.0906741769816897
42	83	115	0.3689585664740349
4	125	173	7.985303473163235
115	158	183	5.581285876063992
68	120	169	4.7141414896591165
5	73	173	-8.532282620050522
104	174	176	9.070058131331947
59	110	112	-2.4765962411416904
66	126	137	0.5394911111385365
114	167	188	-9.80446915898672
34	49	72	4.789154725402433
31	97	191	1.3762002796183843
53	79	174	-2.5915873883413614
34	127	158	0.6119837412022537
13	19	191	0.7481613855294711
43	76	80	4.754485532212874
99	118	143	-9.662961084555741
31	67	125	4.501668341153014
121	131	132	-3.5789354163936533
122	125	184	0.17456777255111078
13	23	127	-5.248682955970329
29	58	150	6.948243247943513
48	50	119	-3.9837889384621246
53	108	158	6.8709340733228
111	128	190	-6.4191876544916475
64	90	108	8.739532750610607
142	178	182	5.90472390225279
6	88	182	-1.884383558372818
55	89	152	-3.130549008366885
102	117	168	7.5682925362933915
68	85	142	-3.5625805149937184
13	24	180	-5.326435417582747
44	138	193	8.952744062244381
72	125	174	-4.379186592588318
21	24	181	-9.525750950896896
4	151	159	-4.475205333643119
95	96	154	0.7763885069665282
6	15	122	3.5181630254931697
99	159	166	7.60681446105885
39	61	94	-8.984832111371064
43	139	154	3.7037007845096817
43	84	107	-6.849785773374435
7	30	127	-6.8506819897792015
2	155	174	5.934814166968248
75	95	157	-4.785529655937593
112	182	189	1.0744445138868404
47	93	127	3.094928778825315
14	130	187	-9.777252726017947
4	173	183	6.185299962283764
13	54	96	3.2121686897393573
92	170	199	-1.1167422479694658
10	160	174	-0.44176839793693645
16	98	185	7.8883064056646965
38	101	126	-6.324391935715113
86	100	133	1.6252536635478716
2	112	194	-4.077831963831229
3	9	191	2.766942488404256
28	39	64	-8.696035671225085
51	105	183	1.353180357906794
138	144	152	-6.3346725061318825
6	24	32	5.346096957581468
68	136	183	0.3895788953760775
87	157	185	-3.1723620057017765
93	146	172	6.3495279541511636
167	170	197	-2.0159322520854257
16	176	182	-0.9080795793457508
48	78	95	-3.9523183781551
136	171	197	4.219536666803876
31	129	182	7.119752812831198
48	59	78	0.9304566619102754
88	112	129	-6.8910565519447715
114	173	190	-6.4775617836906125
136	171	189	6.115160304579263
11	135	155	5.846362629980611
43	116	135	3.7708713558277385
51	144	164	6.612015330110374
90	163	189	-8.442543064455077
78	180	198	-0.34902938546012763
13	56	167	4.361454908698825
45	48	115	-9.822327071926761
8	108	198	4.215091156896381
57	131	176	-1.055491338108137
90	143	178	8.192949726163793
70	127	161	-3.531602987946183
8	106	184	6.1189934862906625
40	79	174	-5.998605109347023
10	95	147	7.344338340753932
28	69	134	1.9663822103260227
81	87	162	-2.134565691541612
8	11	80	2.0189274137901787
43	139	176	6.352698527361358
8	131	132	-6.226904082226872
8	69	187	1.0364819540617063
13	28	74	1.7084000673625397
58	60	199	4.055385792174427
53	77	181	-0.20261538053219752
19	53	142	0.6251009897123936
23	54	135	1.840716579405706
121	167	188	-2.65175594856232
29	121	158	6.286787385849223
107	122	175	-1.6731421489112268
58	71	137	9.990464601711494
11	33	151	-7.988562547525424
52	85	113	9.342744769822435
35	65	148	-2.0133933631783796
57	166	171	6.187894433531014
10	95	176	6.122999273399039
103	158	176	5.003973509357277
70	82	162	0.9120256090636332
47	63	186	2.492879838441622
9	58	189	-5.978646700973624
25	62	86	-5.036037408558496
49	117	160	0.4232985666788718
18	27	60	-9.527201149284977
23	144	155	-1.746069849878884
128	183	199	-0.06498388630603458
11	24	138	6.048580765563909
11	95	120	5.889869006594768
125	127	130	3.5434777607187726
14	108	115	-2.317104626890785
18	105	106	0.9672439256307435
72	93	129	-8.79441518111447
31	59	163	4.701452666176213
24	69	110	-0.06280358913786976
18	69	140	-1.3168796217746639
50	92	106	6.795887332617493
46	125	176	-1.1947731651381073
25	88	89	1.2507851111429105
102	129	140	-9.936444397636109
63	125	133	-0.6621724623835217
65	109	177	-1.3096034834338006
24	25	73	-2.7329450721406463
102	146	193	4.756338537489082
137	139	166	3.7517374943385047
35	90	110	7.233462089307558
68	119	183	6.800311367598578
35	121	127	8.279762230226744
57	103	164	3.417094971755194
14	63	124	-4.96132195857127
34	68	200	-1.4780885768926222
35	98	156	-7.445960881775573
25	127	177	-2.798651577622322
17	91	146	-1.4994872783853808
3	135	156	-9.479507322608491
117	142	185	-9.807206842886558
57	134	172	6.363563133030169
40	125	155	0.8427944445316093
11	95	133	1.8728583108503507
20	76	113	9.6051043898349
48	54	60	-9.326508905460457
36	75	200	-8.854287622256392
10	70	75	-1.2935761980210785
65	98	185	-0.6616488070165936
2	125	173	-3.100743665264316
49	154	165	-1.8134911119726347
24	75	154	-5.888426082230282
52	87	157	-3.8040906650279567
11	65	115	-6.491762106444943
42	60	92	-6.723928427727368
8	124	174	7.81107583360561
52	82	97	-3.184197210086756
52	124	135	-1.4578284053237986
19	134	144	-6.367283697552589
102	106	156	4.60820051101576
28	80	124	7.47308725541631
5	68	157	-8.28471859697262
53	138	194	0.8646516814370049
20	69	121	-1.302963839803688
25	71	195	3.7596276420301837
106	136	171	-1.4878788924428683
7	40	43	1.2108470811392387
42	109	197	5.459502510734172
7	62	166	2.315759714864374
32	42	114	-2.722451936259789
50	98	195	0.27994626805985945
9	103	127	2.8261492120173575
46	55	155	-8.785725769482948
39	62	100	-2.6282664478313915
29	48	157	9.419991979174018
139	176	200	7.771350901294646
58	84	160	4.961721891227688
60	67	93	-6.567481594163209
29	80	113	5.610616300236753
66	71	167	-8.229529224151314
59	137	159	2.422307336551066
80	110	118	-9.088032531251518
14	63	102	5.968059182226263
111	137	184	-7.038070241035356
63	130	143	1.6275691005555473
6	85	126	-9.333024276861854
34	98	199	-1.2487638717369816
14	56	64	-0.21607764991849976
81	106	142	-4.468797119097587
43	179	192	4.350383865174813
2	49	57	5.491175270704421
1	142	170	1.0862247337760422
17	19	158	8.418278676227906
107	153	161	2.0121801446353853
64	85	182	8.268017613124407
44	65	185	1.345881163202428
37	190	192	-7.347877285578413
40	72	164	2.785488954284048
113	115	123	4.68576839232799
28	41	169	3.526311997590618
131	143	170	-4.912418299245392
80	92	170	-3.801065930076943
86	89	176	6.464518597504874
41	94	181	-9.773225036148096
22	107	172	-0.2720823762330191
50	81	184	-1.277184809434889
9	55	116	-8.841174224323591
117	129	142	-5.239965013001022
47	64	192	6.409694475980746
4	46	79	-4.717641150170262
2	59	161	-8.20795238246977
9	84	174	6.6786121543261885
83	105	180	-2.872283822549613
28	68	74	-8.47788419401352
31	73	157	-4.832416840660549
101	113	130	7.013665550388275
39	74	138	-6.813361682946439
9	121	164	-2.1498442114290173
75	139	157	-5.627821236422797
14	83	107	-7.851817757192833
12	153	177	-1.328798157350132
156	175	184	-9.119773779615755
55	158	162	6.762039667944833
94	170	181	3.68697515455262
146	148	187	6.032169170776523
33	184	198	-6.186381414886657
40	165	168	-7.820846338475049
4	76	120	-5.171466766120341
23	55	151	0.31793140553773824
3	149	198	7.155201359069501
38	79	124	7.263397052732202
107	116	148	-8.248754419938999
127	134	157	9.755943056256918
58	86	190	-0.2396150246935207
34	52	120	2.812565044611919
108	131	180	-8.491092159300438
14	111	184	8.345370335248425
22	75	83	2.7811743157127733
106	115	172	8.162233201692505
79	134	143	8.963427810758738
5	6	198	6.247195015515768
122	125	163	-7.900218847862071
7	73	188	-4.829390739495851
34	73	107	5.066783458451404
58	132	198	-5.89966329490351
26	120	166	-5.869191995746698
28	101	191	2.1803603140339156
144	150	163	-9.743408776442548
72	98	99	6.393510550177474
31	48	87	4.697839688313481
96	138	195	-6.619051203306885
18	21	67	-2.1531272020979486
35	151	188	-8.36666900449619
4	96	107	-1.5411476205211212
33	68	76	-6.746007025158969
17	103	185	-9.449130742924135
14	93	104	-3.6057365976856204
42	114	154	-1.870189265278139
124	167	177	5.521370060817457
99	104	131	1.3346852498266575
8	56	164	6.202988001662558
3	54	165	-6.875378473517961
122	146	157	6.674444121449373
72	119	145	-5.212901440465927
39	52	112	-3.6904443976996664
78	108	142	0.2507700633057137
55	100	131	-8.791092026580037
3	13	77	3.1354222843163466
59	124	165	-2.9793405118131355
41	73	112	0.6257712105508197
52	141	200	-7.461159216581796
130	135	168	4.225990495451686
4	67	167	1.7880522939588044
58	73	131	6.70515597539805
15	16	33	-6.994653026655124
83	174	199	4.541935857553266
9	93	104	-1.072982359589684
30	51	118	-4.647657626599109
11	82	91	-3.1536450552714506
8	154	158	-8.242436119243688
61	127	140	-9.350087553565752
26	44	179	-3.5816445300227358
5	65	75	3.5322174785799803
7	80	106	-2.7719813657378367
137	144	158	-8.597745397493199
108	114	144	2.2549585367198226
32	73	102	-1.7805028953311002
122	195	198	1.7016070676277906
6	24	63	-5.269159032804264
136	156	169	-6.6519388188695245
98	108	155	9.389434930497409
8	11	69	-7.502853153698609
33	41	105	-6.461129279192832
104	154	155	-9.616925448806583
135	185	193	8.155100252716757
11	37	61	1.1618491336329395
45	125	141	-3.9071063050180133
29	118	198	0.4544986467887213
21	151	182	-7.643242545027384
87	181	186	-1.4625349287126514
29	89	119	7.524435075542563
41	54	119	3.007912749119093
110	144	162	-2.0565718173457554
5	49	139	6.1413489824621195
128	167	199	0.15424269597349394
44	75	175	-3.457843361480821
12	94	139	9.069420140119618
96	147	170	4.886494012900727
48	88	124	-1.0896476923960954
5	31	164	1.9989869189279457
49	154	185	-0.29831686343085906
79	103	164	-6.301029227415464
16	103	109	1.4857135192590771
10	107	161	-8.385355433953217
91	115	150	6.24019729883814
19	137	187	6.186849822814764
29	50	185	-4.777939843342058
47	51	94	-5.505713378543207
2	11	159	5.827914323209075
73	84	149	-4.681548916924225
23	59	159	-9.88656976913093
122	156	200	9.601762108349899
105	137	161	-8.51788930430761
31	71	153	4.098324966192923
21	70	185	6.852191962204376
53	99	184	7.41097474432345
53	104	148	3.3282882671703042
59	121	139	7.339560609369048
47	68	161	4.073216920035467
15	110	193	2.0035096154902217
81	113	196	-5.348432094555504
19	20	179	-1.8103710384301621
118	184	200	8.567566805518464
110	127	138	5.544246882723407
67	86	99	-9.878581381989747
21	35	60	0.11045551508725637
4	19	40	-2.489209974934738
25	186	190	-7.217794477314015
103	180	190	-4.093351267220726
48	65	98	8.947506299491074
91	129	179	-9.088666210689993
68	76	187	-1.089294756904291
27	138	193	-8.960051486592333
17	36	80	-2.7661541627834074
90	119	166	5.608387845843305
3	106	151	4.498202471015226
7	12	188	5.926548711054064
8	47	55	-6.013853819107695
23	69	86	-6.1480061870837694
2	56	119	0.6619221045996184
44	140	193	8.720755756466499
7	75	127	8.658202580503126
91	101	194	9.38343921141145
18	23	110	7.867772600959967
168	196	200	9.994673170355398
130	142	159	8.563403916481256
18	20	191	-6.448105418580523
1	29	75	-6.313970105731245
1	137	181	-5.910731169882373
4	16	74	-3.5558942471484674
22	40	175	4.167151417673072
17	158	184	-3.235456250443396
88	111	141	-1.8731742490090593
22	89	124	4.6836236977823
6	10	24	-7.573241678374741
30	33	165	-7.6239411563703126
30	84	129	6.96671293450817
15	62	76	-2.7913869786627643
3	54	177	9.71883865299717
17	122	169	9.168388120641449
21	43	136	4.5924219449000105
32	58	185	-0.9924416829470939
161	171	176	-0.3769811838820214
58	169	185	-8.01922982625343
23	126	172	-9.285584431629593
36	55	128	8.304806478645862
50	77	147	-3.9566896646404004
134	137	178	9.677324230950465
134	155	166	-7.573710675215457
24	35	78	4.196645691640583
14	34	97	-4.007117595287591
21	113	171	5.960470928392416
75	76	126	1.1957490202726433
5	6	69	-8.15598066684639
8	62	84	-7.834504905803916
20	69	115	-3.6337074151456843
59	118	188	7.87957984028051
29	36	74	-4.631317813834119
128	189	194	-6.956016094495436
1	156	184	1.996135913793534
39	64	76	6.406317424100141
12	117	190	-0.541511672391815
114	173	188	9.599625959585179
21	155	186	2.8540709783598786
101	140	147	-8.311731572209556
20	39	52	-6.107071959902881
68	76	120	5.2902135188873025
79	148	173	1.5980008008425912
25	54	130	-5.762879857552816
41	154	192	-3.1469280857346993
93	165	169	-1.060837371937529
66	165	172	-0.5536695037671038
147	153	165	-7.2225473747155755
120	156	181	4.380180205374433
129	151	198	1.323027205522294
76	196	200	5.9171135099195755
63	89	174	-4.625796124138315
6	26	82	4.580341105439864
50	78	181	5.945678444760494
54	103	182	-7.775470684001924
11	72	110	3.1184728537540565
22	29	78	7.638430610163571
1	109	129	5.113864825930046
3	89	115	3.1562841864950073
79	173	190	0.15980784100443124
34	73	123	-6.094627880717221
4	60	102	3.7830437731586404
38	151	161	7.43878243485802
4	46	146	-1.2440387670451294
8	90	133	-0.40916492951558325
3	7	111	-0.021171651914254852
102	141	171	7.831642007854029
41	62	66	5.22914460367684
36	131	163	6.72013652798168
55	124	132	-0.7586616449172219
99	182	196	5.593261743808775
114	137	146	-7.898876252000195
2	21	179	-4.655848889210528
37	118	124	-2.244420240135428
75	76	133	-8.542608100850464
56	110	180	-6.362863080186793
39	69	96	-5.636089583406281
75	106	123	-0.5579180287581575
24	65	132	1.559835678763415
109	124	166	-3.524772894690358
49	75	80	-2.9252252263587604
46	108	137	8.134726152676702
72	127	139	-9.260326548594497
6	102	198	-8.899946353650797
144	171	192	1.0273155639018068
2	8	193	9.484687298712931
98	147	167	-3.338524505748226
26	29	176	8.666383509294583
34	64	173	-2.5590268858317327
37	137	144	-4.504204327412129
85	143	200	-1.8168260615663172
37	45	143	9.927967851268804
78	81	174	-4.489797396485216
156	187	196	4.891628105465383
40	84	106	6.790419362374905
5	60	180	0.03559255199936118
52	71	159	-2.6808971632319416
121	144	167	2.5634830691785577
41	94	162	1.0106132241899939
1	126	180	-1.282648442254679
53	162	174	9.301590644607792
19	74	198	7.384841478817684
8	115	135	-4.899608564464362
48	107	113	1.8730342864912366
34	192	194	2.9736819631127087
78	89	100	-0.6248915226210237
30	120	165	-8.981169017087042
38	49	115	8.778414427582398
25	35	126	-5.581231158030753
48	85	139	7.896031430012002
43	86	199	-2.7813696712917597
4	92	197	9.595188003819963
124	148	193	4.102564811785678
39	153	160	-2.1726603284655077
97	110	131	9.605395714682594
35	161	172	1.0120356544762004
74	92	190	-2.132564046658551
29	72	194	5.24632715267413
12	126	142	-5.845459371472648
58	140	141	8.852465256115497
57	63	78	-4.655607587394737
45	115	194	1.9095746015407293
138	156	161	-3.331151099429846
10	101	167	5.280724651227855
14	56	69	-0.17913527722559763
49	159	200	2.4741863930872228
117	162	192	-0.5278270743037439
-1