4 	 200 	 1000 
128	162	188	196	-2.075955401173795
59	97	117	143	7.1005311166464615
12	14	68	166	4.571370765242346
119	123	131	139	2.8428580202866183
38	69	166	171	-8.319842364092132
5	101	158	184	-0.5637412296233162
132	162	183	198	8.712598744665897
17	37	162	176	6.752888673587439
12	96	142	160	-8.102291450905604
111	168	175	190	8.436946736051539
16	63	94	139	-8.013533493445347
14	112	198	200	6.387559514283485
23	35	141	164	3.158310741236667
49	66	137	177	9.879374200296745
6	91	97	145	-9.25582148684617
58	102	108	131	-5.390733040207589
4	5	88	168	-1.722218875401893
18	110	113	159	9.744884595902011
20	60	99	145	0.1669487278354591
6	11	82	132	9.228498395724156
1	14	45	93	-1.879023013701044
16	43	152	173	-3.1508892586835735
114	137	176	187	4.361188831492564
22	31	94	114	6.9867592105181515
86	105	191	194	-3.7101074666906397
70	94	104	160	-3.5561177417675527
91	106	122	124	6.0535639035330355
54	158	179	200	1.0155866566056488
28	74	162	194	-1.7556928297968035
101	144	175	191	6.566725999611254
78	110	128	149	-2.609932573490152
11	41	173	183	-6.625989087503898
136	175	182	190	-6.146769731970984
46	116	122	154	-8.38508034611787
43	53	69	123	-8.249867941323725
40	50	101	149	8.169659741724985
123	191	193	195	-1.608255703784053
13	90	112	189	0.14918983862579438
110	112	152	184	-6.195059040758501
32	129	179	195	-2.1516831537539876
38	97	111	160	8.750367481223243
111	142	177	194	8.926031289006168
62	99	166	190	-4.299508786009811
3	19	183	186	-8.042767511329785
5	78	111	185	8.905801668344228
2	10	59	184	-3.870703757687184
7	132	139	144	-8.585107954790413
34	104	118	187	2.591900001520088
80	106	112	150	0.443554080264029
12	54	85	123	3.6668069670463623
49	77	96	111	-4.36441708229723
33	57	86	108	-1.953271720027237
27	90	171	186	-3.389938995986343
16	93	168	178	9.19601168272883
99	102	131	180	2.988363992847381
78	166	169	190	9.54843074291863
20	65	69	150	5.767175552119429
11	71	89	134	5.5602454769421055
24	82	99	197	-8.189230976326016
14	20	88	168	-2.719304540254413
25	41	64	96	-9.120110536158872
19	72	99	144	-6.00800103531366
21	60	126	141	8.588413504997451
29	101	127	136	4.307896408575081
18	20	43	115	3.4019502851562127
98	101	190	198	-2.1998014017258782
67	108	161	196	9.609727543261254
38	68	157	193	-3.6733391587123982
16	50	79	84	-1.880960815854941
83	92	124	148	2.8884752348790137
50	62	147	176	-1.6792145023322043
19	61	108	115	-0.3759482879293845
23	64	78	131	-1.5671403954601466
7	108	125	145	1.4547333076703381
3	41	42	136	-8.399584741317469
37	58	140	145	1.0541155656926566
4	51	183	195	-4.494600441882377
3	83	117	187	1.9382510325264146
38	122	177	189	-2.5930886126376196
96	175	182	191	-7.729721490455925
27	73	107	120	9.801183783975045
66	76	88	95	-4.733853379328052
77	85	164	172	-7.0403026450216855
28	156	173	178	-5.631165453548739
30	89	96	157	-2.660243568015403
52	63	86	104	8.545252983182149
16	59	102	116	-3.674098809710875
12	44	87	194	8.011090012771966
13	42	93	181	-2.15641987999833
50	65	155	162	-4.0762754733445234
72	121	179	184	-9.986804953417682
4	17	18	143	-6.694222503781404
68	140	173	175	9.435905771362904
20	69	173	176	6.367214973403467
12	30	47	69	-0.999668450163302
10	15	117	146	8.27300510866857
29	55	89	157	-0.05616854382831882
7	126	161	194	9.436073265629172
45	57	122	181	1.4190114867828783
96	105	149	160	4.467852564159166
35	118	137	138	-3.430179703063194
148	158	166	173	-5.355553964976392
9	74	116	178	-6.9079866433030945
8	114	171	179	-8.13751548618335
29	45	91	158	0.9425574060209634
64	78	151	164	-6.715457571212447
49	60	96	195	-4.811770326960911
56	97	107	177	6.311443502525481
1	23	147	159	6.265982562733157
3	120	153	176	9.06575697188957
38	45	48	158	-2.525468164658122
57	85	170	180	1.285407569168589
18	35	37	99	5.194865307792684
26	65	86	110	-1.7627203681726389
5	68	117	154	-0.8133379559762215
5	11	156	197	-5.981989857377283
31	87	146	163	9.438545439396101
69	77	79	165	-5.060074294513559
18	22	97	196	-9.882210214679233
5	52	64	187	8.566990518831307
53	59	83	150	3.638041000951242
44	58	105	135	-2.4345108017802364
7	60	146	180	-8.930867784353387
22	77	80	152	-9.402689385965072
73	145	182	192	-0.6768674180476708
25	47	95	110	9.014302929379411
106	110	142	171	-6.164962133809809
28	36	84	157	9.052169919566495
2	24	97	174	-0.08976270607331038
29	31	37	174	7.741925752419881
12	13	102	146	-6.0008023466703335
4	12	137	164	7.907246708072954
25	128	133	163	5.636383129248216
104	166	184	200	6.15877617082084
9	67	174	199	0.3459328822691994
4	15	19	83	3.5841093765606775
22	34	46	72	-7.936128795483299
108	147	172	176	8.846872501034866
78	84	101	149	5.735436200172963
9	40	133	183	1.9555513238976765
9	23	67	196	3.05799393678846
43	62	64	70	6.010073188575731
14	46	94	140	-7.858203584750334
36	58	149	157	-4.2967475453669195
14	32	63	168	-3.4485232216636668
41	146	150	191	-5.889958311755281
18	34	85	174	0.8051008181920807
20	50	62	169	6.1730845169557185
74	121	159	190	-5.246892339678755
26	153	162	174	7.7665821805928665
16	62	84	150	-5.780118238113654
33	83	86	158	-9.191495732258657
105	125	182	188	6.631728586296823
22	57	127	179	-8.75507315404432
11	43	45	46	-7.858301153447851
96	136	148	180	1.8283112319280974
88	122	169	173	5.5548324321252895
2	33	186	196	8.789939250738982
12	102	126	132	-5.677576533137286
106	148	190	196	6.116437323510425
27	136	165	198	-9.187351361539445
96	132	133	187	-1.674593167041314
27	41	78	195	0.12556831525534662
8	11	127	193	9.892171117110507
19	39	91	162	-2.58732291803637
11	50	63	146	-3.495226592783709
44	67	137	185	2.451971476567831
104	110	141	155	6.8057422090577475
12	102	105	154	-5.603611185794659
89	100	140	179	-6.419118843975169
8	107	116	141	-2.0510435413338213
56	96	100	170	-9.22055245401307
16	162	189	190	-0.8463095736656143
71	91	145	179	-3.1326826401261805
9	38	79	93	3.1333554957575736
23	139	146	160	6.828791477844579
31	60	64	159	7.299218108927807
5	64	106	143	2.1055366152500525
43	105	189	191	2.4311593886262965
55	100	117	126	1.8970053107145617
68	86	153	176	-0.04324185426854932
43	47	65	121	0.3812256383077859
40	44	81	116	-8.548282544736717
10	37	163	185	-8.437948169523526
69	75	146	169	-3.665654068254149
94	140	172	187	1.5944862967624278
36	69	134	200	4.550346797734333
20	22	34	90	3.798317050366835
3	4	70	161	-2.2831471813695225
5	44	98	131	2.688511933451176
120	176	179	186	3.5945912268041127
40	128	155	167	9.132017632266539
15	86	87	188	-4.531650026746538
37	88	126	200	-5.911328025909408
33	168	180	197	0.41340123757619196
21	45	114	139	7.031602370276275
5	16	188	190	4.372953287758854
142	153	158	184	-5.178103370480011
40	61	152	169	8.237697414397658
84	140	160	192	5.810376634249646
84	103	130	142	-3.545724708851612
21	158	194	195	6.677203554969541
20	36	104	147	2.4869019863546953
8	27	109	122	9.18473504937462
12	61	169	189	-5.219484483942645
5	100	119	139	9.494982927790488
55	83	128	199	-7.780380502741327
106	128	145	172	-0.08932954435188734
46	96	125	180	0.7749021773207865
12	25	104	176	-9.826496046641381
29	120	130	173	-9.760610373654643
51	125	162	198	-3.888713042094148
61	88	153	161	-1.991815042762454
3	13	36	49	3.2623381984815936
28	88	101	147	-0.35493131391723765
19	45	153	186	0.25985637748875945
46	130	132	193	-1.4784850825637523
20	50	116	187	4.132080897781689
11	15	89	90	4.913428391296746
51	107	149	193	1.8605633940264674
19	142	162	166	-1.1474035813639034
48	100	184	200	-9.083483521577122
25	74	84	199	5.958645760297639
1	26	169	177	-8.488310407880066
19	87	114	184	-9.38164397236542
28	89	138	139	7.230769184006018
31	95	116	123	-6.402611746371061
58	120	142	156	8.145444938810993
28	35	110	196	-4.29696182447757
30	77	164	180	-6.0315191329272455
18	20	131	154	0.27304353262863756
9	114	145	151	-0.9339584898427429
42	147	154	167	9.862231152963279
21	39	40	122	5.951984647115683
91	117	143	161	6.3728568246248365
37	55	100	185	9.191313095285953
80	118	148	152	-7.011970215495706
85	149	157	170	8.345691566720792
81	102	141	145	-5.878754008900544
13	100	143	193	8.16254771969011
75	107	109	156	5.169192528419721
17	48	100	181	-2.8837146953419523
49	157	166	185	-4.351386840985986
22	98	127	151	2.4442604414851736
3	126	137	174	-0.654148487853794
10	28	139	198	-5.6042377477200045
55	85	88	184	4.240394798717112
19	20	25	166	6.92235976053265
62	91	118	119	-6.401633509559108
18	33	61	106	-7.940950565196716
9	47	81	167	6.710988138817164
42	70	142	195	4.636608436822314
89	94	140	150	2.189909956222703
46	77	105	137	-9.617771602734631
10	110	172	194	4.94292399741364
12	147	148	187	6.089653377295242
5	111	189	191	3.8758770390171158
45	60	176	189	-7.88055651184294
22	52	104	133	0.20142765598593115
9	54	103	123	-8.259274379146424
22	36	166	195	-8.391159623515405
9	30	143	180	-2.4179551691264383
12	16	152	187	3.2018251532393904
8	117	173	198	-4.852665674808108
20	48	61	186	-2.9825479417608314
3	45	97	169	-6.863544256687377
8	77	91	129	-2.4421583755478
32	135	144	179	9.199937006409662
4	12	30	149	9.110393603992115
56	66	151	199	6.433429938832173
116	133	146	185	-1.5084047507992935
28	41	46	195	-6.802493393790556
45	124	165	177	-1.9092656588506767
64	105	153	195	-8.289640903300835
34	42	43	197	1.328815234657057
34	76	122	125	9.065694518377732
9	60	111	139	-4.365691401540999
29	44	59	100	4.687503013053327
14	126	132	144	-3.54962870964626
59	133	195	200	-5.609186162211348
168	172	181	192	-1.215797319048125
32	62	138	143	6.369227488091006
33	63	89	111	0.6383208569464607
22	78	92	121	8.549442372301769
19	116	137	198	8.801732775620483
19	56	156	193	-7.781402754405247
51	68	117	198	-5.133158068724233
101	107	118	189	-3.249487925321544
70	73	123	179	3.345202249579252
65	146	168	179	-3.4441570899490763
5	148	164	188	7.316128036645548
72	120	139	151	7.126040864117247
93	106	120	128	-2.1699152611895283
97	150	155	157	7.547450094213865
59	92	149	166	4.448688767354687
103	156	171	192	7.577807321671081
20	28	49	87	-3.563996939248857
66	102	108	128	-1.4454208295825381
54	94	122	134	1.7485325416664832
30	101	136	159	0.4985984469906075
15	85	119	196	-4.029377337381073
81	93	120	165	-9.145294349196067
74	79	159	167	3.7687124520275788
46	63	99	116	-5.012110410913769
10	73	151	200	1.882465706500689
50	90	136	142	-3.592853719522486
4	5	51	74	7.393683595564106
41	44	91	192	-3.1094404518141765
48	106	171	194	1.405996702521211
18	51	88	122	8.640647356266864
129	155	174	186	-0.23199199100714551
2	15	27	161	-5.513644291990127
34	71	149	191	7.2653847466527814
99	119	126	168	-1.6472678862399448
15	21	106	141	5.961015447740666
30	126	157	163	-9.472890379942108
8	20	171	178	-8.555837587420465
29	75	95	109	6.381327503066782
1	5	16	44	-4.094179014139689
62	170	173	176	-6.853927488218914
76	96	97	134	-3.7525975269710106
16	54	58	72	-2.069947076067235
5	24	156	159	9.641713029614433
2	17	66	166	2.254228926879609
64	66	153	162	5.352431773215084
62	80	115	119	4.124079565225138
32	152	155	166	-4.426963279615082
81	109	145	179	9.388138845590397
8	17	101	132	7.200945629137625
94	141	146	183	4.2269575340896015
29	46	184	197	-9.97322284984133
27	118	145	166	0.67980177855409
25	131	178	197	4.861293420919978
53	136	144	180	-8.318871760390781
32	67	70	122	8.546369682133314
28	59	107	128	0.31188512637493737
48	67	127	165	0.5178054646568562
45	50	57	153	-7.611351093966201
19	96	140	199	-4.950177450053936
20	72	107	129	3.338679689242401
19	38	103	117	-7.2170599891003455
20	31	82	104	-8.368685215345852
164	177	178	183	1.571002212317591
23	33	67	174	9.084371076414527
25	49	112	198	-1.9678788609543822
13	26	59	114	-2.554510660577436
51	64	76	170	5.563392230263638
58	74	91	121	-4.979442922362052
96	106	149	173	-0.4605484341377579
101	167	177	200	-6.59197074417881
5	100	159	168	9.142235770132409
33	123	127	152	-2.792365600406277
27	86	88	148	-2.862837866229042
19	106	109	122	-3.8367527988901307
7	21	49	126	0.23630853957812548
22	99	185	199	8.184237675827333
117	119	134	198	0.40107611359529827
117	144	165	183	4.253638987469049
64	75	115	122	8.339942350053889
2	20	118	128	-9.731601331034616
15	34	91	119	9.133594111623214
64	88	128	172	2.9258446401891085
47	67	72	125	5.038663834372363
29	53	83	141	1.9854488367528766
18	47	49	86	-7.391693418906582
13	49	78	197	-7.346532250872471
34	39	116	120	-3.0215468781722166
43	72	99	105	-8.476717308044622
33	115	134	168	7.636774020506568
14	16	29	184	8.718585034610168
42	76	121	127	-4.9987402187850645
17	84	152	161	1.2025251289806054
20	53	59	181	-1.5641277071782511
6	12	85	153	-8.168790121407293
6	36	69	186	-2.3874291212098875
37	56	109	186	5.606833412950072
3	15	163	184	1.0908271594078283
33	48	54	165	-6.7736889104591125
21	85	104	131	7.5217375336184595
2	132	163	171	-5.806155696038598
6	164	178	179	0.5253725292000322
38	46	48	105	-9.228556040271954
69	94	97	104	-3.5744415629403337
11	27	54	126	4.14131317684031
41	139	151	153	4.585375952848933
55	81	122	150	-5.307132581691347
6	16	137	192	-3.009906397011286
79	80	138	175	6.695511010298233
34	133	181	192	-5.385477110589106
114	119	130	136	0.039469514531422334
36	99	103	115	9.823130509919991
46	51	67	144	7.5864568187105235
63	99	123	138	-7.708860428172139
16	128	144	148	2.3966978956254525
40	50	83	147	1.8456409113304755
33	100	122	167	8.299522158521661
37	130	155	179	7.444441615936007
8	33	51	146	-1.8865942125579416
7	12	115	148	9.76285124279751
22	148	176	187	-3.1321991013630974
2	76	115	150	2.0384576632382583
43	54	67	182	0.4646117025943379
85	95	100	158	6.352677645194703
10	59	86	127	8.79219596988851
1	34	121	168	-0.05045729442175961
79	108	146	195	-4.373643573149142
11	57	176	192	4.919613056752919
76	103	167	200	9.795212452730865
24	118	152	178	-0.4296344086733903
6	32	64	107	8.717472421029516
5	13	67	153	-3.101209486954448
1	27	69	84	-6.585505170085244
13	42	58	155	-3.716498555332544
123	131	137	188	2.204682255553422
53	121	168	189	-4.022050980788306
14	182	186	189	-4.675756558700046
36	91	119	183	-4.3903008944364
53	71	97	108	-9.303327866343743
11	22	70	193	-0.5070985766684455
14	109	175	180	7.278482592211727
35	88	105	141	3.4716068603381327
147	152	180	183	8.105087486757313
27	82	134	136	5.232071767954514
128	133	146	185	1.7499976748282968
31	93	172	187	-5.740158136352182
68	86	157	163	-4.2704705991184895
8	23	32	172	-0.027145311934456018
16	120	150	169	8.842097933709095
94	134	137	160	0.17225105806467234
66	98	106	162	7.065711183103296
63	124	162	173	-9.708172007812399
77	136	186	198	-1.7581958777484061
36	108	119	123	-9.806768571255954
23	30	192	194	-4.158538671613741
4	5	91	104	-0.353573528600597
49	111	128	154	-6.089363311627205
10	87	122	154	-8.436665980608385
31	44	145	190	7.623548252915242
42	74	106	131	-2.42503828445491
2	35	156	191	1.0161326584086225
45	52	137	168	-9.846022448682712
8	24	77	113	6.2654964338200045
19	86	92	160	-3.158417328844754
36	41	53	81	3.0195260738783283
14	41	79	141	1.9999413832647566
24	130	153	196	-1.813694005147683
30	133	166	189	8.145691079022473
79	113	136	193	7.468565308154979
13	127	160	173	7.016184540029059
10	34	169	172	7.345420611274452
41	91	94	152	3.255054371807649
105	116	130	166	6.387622598008342
20	37	56	78	-5.850636253607167
69	74	162	195	9.812767115732438
38	63	119	144	-1.7762859518956446
5	42	48	129	-5.1326507652187985
54	100	130	135	-9.848965627696224
18	32	129	181	7.643776986810732
92	106	182	197	4.563765966046514
7	149	185	197	7.298143011827527
47	70	76	81	3.71879781293112
12	22	68	190	8.604678002781519
62	128	163	171	-2.3090374202017365
7	100	108	149	0.7681389470230133
70	106	113	175	-7.258412754514958
55	77	98	156	7.8031046869911656
73	79	162	166	9.386000884797866
9	28	117	132	5.780945481456261
37	130	133	169	-6.276537311664563
98	116	127	147	-0.49921562013210874
8	36	151	182	6.632826692425855
62	99	134	157	-5.228634114218358
85	120	129	152	5.287273479077525
64	112	180	190	-5.6758581555569965
13	50	73	94	-9.229399571241538
47	118	187	197	-3.0322478868749414
9	19	26	120	-1.5251665078560919
1	38	117	165	-8.57784268170863
71	81	110	154	-5.314021776108517
8	111	156	188	9.926964814574838
79	94	163	164	5.984788585386649
50	57	174	195	-1.5831072622009739
80	125	140	159	7.341444963829339
11	26	49	170	-1.1759558043560396
25	35	144	165	0.6890893651813634
9	108	131	196	-2.5425953795264933
18	45	178	193	0.276205913426109
11	89	145	195	7.606525982020582
93	107	121	140	0.9473857689371563
29	156	172	180	-6.419196050315456
11	25	115	138	-5.226764206210063
124	155	176	181	8.62113852557136
39	121	134	173	-4.654006721367942
10	15	76	134	5.835531794433955
110	121	136	163	-9.28995402510914
6	20	121	168	-7.776887618538559
34	107	184	191	-9.37904958836355
60	116	125	161	-3.9952867498874767
38	60	81	124	-6.782874958691252
7	40	98	158	-7.772473909933311
119	169	185	189	-6.348578388825061
6	55	162	179	-3.2436315337066564
44	76	94	129	-9.436816280599217
51	78	139	174	6.69619973431093
58	105	178	182	9.099434774730298
5	156	162	192	-1.8948248876410219
19	28	110	169	6.803032541449014
33	90	145	199	-6.378900198928452
11	117	138	180	-3.0121522569428905
4	104	182	183	0.03141428345800534
42	77	107	134	-0.8123225326823267
118	150	176	199	-5.883553883635882
65	106	124	178	0.8367857873708289
7	53	92	145	-8.415426076348918
3	63	147	180	-6.849073741875142
9	16	79	168	-1.0004138526705404
56	117	185	188	-5.558652922491765
62	81	88	166	-3.226212674435236
82	136	147	171	0.4780736658589557
50	82	136	176	3.520499933512557
55	77	128	157	-6.568324767333344
22	104	188	194	-3.3028644979354844
6	24	168	192	-3.196490022186394
23	115	128	190	-7.321132619086392
79	101	144	147	4.919665043536881
71	77	100	134	-8.300355621671724
11	41	87	135	-5.222225268967269
20	97	115	178	-5.284268651106898
45	138	171	179	9.482051307430247
92	112	121	134	4.900768636519546
36	107	132	198	3.9966438567067115
5	32	167	184	3.1150048806360804
104	110	149	164	5.320760705316594
13	108	113	131	-3.9561592937078283
9	89	92	171	-8.531607325938822
16	83	88	99	8.592095641073627
44	65	117	118	-2.8851409026031867
13	64	134	181	-5.6997188184955245
21	41	92	133	0.8798598364881123
32	35	101	152	-3.123429600074214
42	144	145	195	-2.0606234320119965
18	27	59	136	1.420599976855435
67	108	141	166	-7.792071387249358
24	125	148	171	-9.499702176249423
89	93	101	199	-1.7234767934171984
10	30	97	190	7.960844363465952
95	99	107	192	9.544671226201661
45	118	124	126	-1.8775054980085244
7	30	70	190	7.4295834190400925
1	30	89	151	3.8123964495080642
33	62	85	90	5.597973953609001
27	64	88	90	5.671492234054796
19	83	97	162	4.8193770705133545
9	51	166	167	3.610790101082319
77	128	169	191	6.329301855692307
45	88	115	158	-6.631595024089851
83	147	164	177	4.664585341660301
119	183	190	193	3.7193677867647423
60	65	77	92	8.711689410422373
74	97	120	156	-9.733034364544448
45	74	80	106	-7.227328934513608
123	130	177	184	6.348564710742039
66	67	111	122	8.502487845969807
29	35	48	94	1.9465060876763403
13	77	97	162	5.723033077402867
27	29	109	184	4.787145036083917
82	107	151	181	2.828558241335802
66	68	73	97	-9.92860158545292
24	69	103	147	-6.524248731363889
36	117	154	168	5.163732103280722
82	94	144	189	5.969636430406339
35	41	43	120	0.557679210043176
27	74	133	139	1.5589796341224655
23	47	75	156	4.630671374440343
127	147	160	161	4.327654410119511
12	28	35	74	8.859340019868938
152	173	198	199	3.674848201895241
117	127	183	194	-6.366939963177087
25	47	157	173	8.551501029442644
11	91	102	164	7.852298352279416
64	91	131	139	1.8327451137540827
21	95	136	148	5.852664138501947
8	63	111	161	-8.195889474599308
6	19	48	95	2.4479642017226055
42	53	75	125	-0.7524342865973299
6	35	95	103	5.118765479997371
19	60	100	135	-1.857631247293373
23	51	136	162	-3.395882623557222
90	108	112	181	-0.8632798621331954
71	154	165	184	2.805797241596686
132	157	169	174	8.986113490061701
20	43	98	145	6.639163997547314
20	51	71	198	9.182461129412872
6	25	29	72	-2.307816073444931
20	30	48	154	-8.363475143212005
47	128	145	192	9.872129521404272
9	38	156	181	7.742256560213473
29	143	168	186	-7.0536445525327585
41	80	112	155	-5.618532710572328
65	85	117	190	-6.304680231100783
95	154	176	198	-0.4362052478769023
21	26	61	141	0.1394549400273135
32	77	95	148	7.537735535327506
26	61	110	114	2.9932521915956674
32	119	122	131	-4.937732892714406
43	80	113	185	9.815756390521678
12	86	140	176	-4.1381477540151685
24	107	164	170	-3.1848824584287394
35	74	148	187	8.04097895247913
78	93	103	106	-6.3891126228917905
19	27	74	196	1.9617658819576604
45	51	79	120	2.843528014888875
87	106	144	168	5.895970888700376
40	96	132	155	-0.8714749750498836
4	37	79	165	-8.478712186060706
5	37	44	64	-5.4121878624214865
10	67	102	189	-1.919915565005791
66	67	107	123	1.530134298679389
108	112	188	190	7.049978592157789
27	112	145	178	-6.810276394470652
32	67	185	194	6.903497455475851
4	128	136	185	-5.38093327255141
32	99	107	144	1.6061658935062084
59	71	105	148	0.01167897909342841
50	77	102	193	0.19217566116624596
71	89	90	154	8.704958841872351
22	45	115	197	2.398414733719177
92	107	195	198	1.2659929607141152
7	9	70	120	-0.09915900270561906
22	33	84	132	-0.6084351106135504
72	81	187	188	9.76893052310848
3	10	11	99	0.6493654752989091
1	22	34	131	9.255897734000104
36	49	139	142	-9.690641074525864
1	63	64	134	2.8587962353574525
47	65	184	197	-7.069713120569123
62	67	111	130	-1.766348427877496
55	88	103	139	1.018540269841342
18	25	91	156	-4.059357395796887
79	105	116	185	-7.781564144656201
20	38	61	158	-5.2640275336645725
31	38	75	78	9.382297029534882
9	101	114	200	-3.953394322385318
55	147	176	190	0.9018614489293952
36	113	186	196	8.818373647856767
29	33	58	120	3.2254711653613235
6	87	133	141	7.896188521956756
55	77	108	133	2.7572474695027083
131	137	139	192	-8.735326974665906
36	77	114	123	-3.7110307722546043
62	113	160	189	2.230014695311322
92	117	191	200	-0.6807356531189939
40	43	92	169	3.231153573016032
8	176	196	200	3.410544126434356
4	11	85	156	-5.886828129516896
22	33	71	83	4.044503287839955
13	15	18	69	-4.110952320021637
13	20	33	47	-9.912066264410203
27	54	70	150	0.9960439377264585
29	86	98	195	-2.369549219202451
77	134	165	171	9.29997846116223
6	31	135	193	-8.177615038640829
32	107	184	188	-7.16777474095168
20	23	130	147	-6.117092680614153
18	19	27	117	-7.154218913909796
7	37	39	197	-1.7960967888692085
21	51	89	197	-4.936439306733504
53	85	151	160	3.09508665372811
45	76	116	137	3.1482021453996456
94	113	134	173	8.205440090976875
64	136	141	193	8.59516793325648
9	49	59	157	-3.341424165410989
21	65	138	147	-5.0378308974417845
21	45	47	49	-4.6133656307156805
16	118	142	158	-0.38460167402191914
3	130	145	187	1.0227975977633577
13	46	140	193	2.3796835811580586
110	141	157	186	9.45900303994527
4	20	107	139	9.156804581274969
15	17	150	186	0.11799785718491762
73	134	140	153	-4.6501946365820395
91	102	120	199	3.8739364555908224
10	17	25	52	4.24909732952305
38	72	130	186	2.848347301018306
32	72	111	152	-1.5060984540891447
31	44	162	183	2.5862524659604986
75	106	145	153	-0.6721189313243983
17	26	67	98	-6.334198837260363
4	28	146	163	-1.704641824870487
25	75	118	133	6.997197569499448
8	39	69	75	-8.750863847725352
19	88	107	142	7.723640884783986
20	65	153	176	-8.006457328368528
20	85	121	143	-6.519268810667141
16	46	50	192	7.033519959059408
48	156	160	191	7.256913810487337
27	38	53	156	-5.369814478316743
8	28	80	157	-0.1506931454226006
3	10	50	137	6.031757007188684
69	86	147	154	-8.84515731912726
42	95	168	189	-4.836087499576561
30	36	70	182	-0.15092065526246934
49	84	88	91	0.18867883721309653
14	76	94	164	9.377468161999538
4	105	114	184	6.559125214538206
23	40	148	192	0.8161951214936494
7	60	105	167	1.9782786690959213
50	54	83	113	-2.4559162339388703
6	18	75	77	1.596039629537911
7	40	61	197	-6.019042753851409
77	85	98	191	1.0702296112841516
30	57	105	181	6.742162464709935
124	150	172	174	5.818030636303135
6	18	68	168	-3.1808047875272987
65	84	113	192	-3.831619304503504
19	126	190	194	4.81572418665715
69	85	116	132	-9.407368481128596
15	86	132	139	1.4320374945294017
26	179	182	184	-6.523999088931747
15	106	126	135	2.5088879210635575
82	113	124	190	1.3999291230535782
45	83	88	103	-2.764163277708125
2	6	25	116	-0.8599829572489543
99	127	154	184	-9.540854533864012
25	26	36	157	1.2290123707976104
6	20	159	176	8.430053590979686
30	37	50	125	-7.407607892756422
15	48	66	183	-3.8448799047050937
105	116	123	153	-3.864809727439706
78	90	129	145	6.8678393146790455
35	59	124	157	-8.354726457819346
36	86	160	178	6.616188663011005
19	25	128	149	-9.429230225508324
47	68	143	176	9.370224206767944
38	41	46	108	-9.869169665740078
81	112	131	153	-9.781834195503958
15	19	153	174	1.2628805998197894
9	20	60	120	-1.8910810055016913
25	62	64	84	2.428659430453264
41	64	129	166	9.55509638067425
60	63	169	190	3.2573780693612377
80	93	115	160	1.525261479863726
31	70	191	195	8.333846285917407
93	146	170	189	-5.707054562585792
27	38	93	97	1.2674012664468588
13	34	160	179	4.928733457319694
18	129	138	182	0.7359401805050574
55	100	121	142	-0.04423235450500229
19	98	180	192	1.3400954326492638
4	48	94	118	4.678568614754571
10	122	124	125	4.949480828518061
17	18	122	141	-5.297968788207237
26	41	123	178	2.8862413287689943
38	49	152	183	-2.6205616893402013
78	84	98	178	-7.317623527499332
14	49	117	190	0.942547917638441
6	24	100	169	4.416042469365269
5	30	66	168	7.764481025435554
34	62	155	175	-9.272185710295393
18	97	158	191	-4.663797306735891
7	90	131	156	3.423885890913038
3	77	89	147	-7.84589688482254
34	52	67	143	-9.646578623896655
32	36	51	84	4.616146077753861
15	92	142	152	-8.26934036074679
7	16	132	185	-3.049843133749417
140	143	157	162	-0.07533615205528221
34	50	124	134	0.26415304727961164
19	102	173	194	-7.896007425700597
9	45	116	168	-0.23421035628618903
67	152	197	198	9.731343878755265
14	36	142	150	6.86543917332299
56	109	127	200	1.7761931553995076
46	95	112	162	0.6832335725913694
60	98	170	199	8.353245239420374
52	138	146	183	8.841292055395108
33	57	73	185	9.465016812467294
33	51	173	184	7.015885954647878
44	52	70	152	0.09061449717568593
52	124	143	165	-4.580711278135167
46	81	91	115	-0.24105089112056888
10	55	78	166	-8.50831972640182
107	119	130	179	8.021603607029576
76	79	83	101	0.9766928412647129
35	68	147	197	5.962932576688601
21	90	173	200	0.5465023846782469
35	91	167	173	4.2512871276770525
19	41	58	196	2.024719841234642
54	92	120	186	-5.93404665216471
37	106	115	196	2.096546198783285
6	74	76	99	-7.543824659517693
47	72	140	159	3.0131336983172368
31	61	88	95	3.9400168791707273
1	6	17	141	-9.985878657404257
37	107	115	180	-2.064958850598499
24	172	175	191	-8.933114646422467
22	41	98	113	-1.147542754735973
44	79	89	142	4.7837455691298345
61	124	129	131	2.0148072422854
29	79	117	159	0.32231137595722714
5	153	165	171	3.2705686102209963
23	64	90	125	4.665787779219707
51	140	159	200	-4.24447483211837
14	35	170	199	1.383103278102361
65	123	165	195	-2.5902911221314913
67	125	144	198	4.373916344721289
22	31	112	141	-6.965511559977784
22	24	109	145	-0.921705715165368
38	48	54	160	-5.491379855525915
32	45	89	103	6.793213342144156
48	55	82	126	-4.1360548421865335
25	44	182	189	-7.031980592081577
60	124	131	156	2.67007873367238
73	76	155	163	-4.099581894495527
123	127	134	189	3.1025408365231613
16	45	53	189	-1.6223419861613113
36	47	67	86	3.744435866097678
47	56	68	72	3.0975843098997107
77	123	136	151	-7.858659140597586
4	18	55	125	-3.445531270159588
51	90	144	160	6.911692599293701
7	112	139	183	-4.82890913576175
23	36	102	114	-8.228815965497883
17	97	107	124	-1.6130348434765196
30	70	78	158	7.980662200705549
24	95	155	173	8.260092551041687
19	28	69	138	-9.740875138520508
10	37	63	167	-6.030285047048967
51	88	177	189	-1.3899162825006766
25	66	96	150	-0.8619514462221982
5	118	121	187	-9.92186494276478
102	111	173	195	-4.170861609757226
42	78	127	196	7.649614274000044
89	119	145	180	9.741094076262431
30	76	131	196	-0.4952074298467899
13	110	111	148	2.6002014355056744
28	82	141	187	-3.879569059391093
32	83	94	161	2.683077029615358
6	80	126	194	-7.084537146828125
6	88	111	167	4.301341965447191
126	136	155	187	3.8547653664428125
3	7	86	194	5.996119740504497
5	76	126	158	0.5172564057249023
153	155	161	168	-2.2595691328271634
16	17	43	190	-0.3288658992405207
42	78	91	161	0.2886555046748249
56	121	163	164	-4.561796635237474
41	134	152	158	-0.37589468687464667
17	67	138	186	-3.487708191023067
2	30	85	175	8.378887181491077
97	138	162	189	1.9051233998903605
49	66	84	135	0.2822085597125561
15	25	116	191	1.7858037326484126
8	88	160	193	-4.280761763115139
25	112	120	176	7.893923109369435
7	133	143	166	-1.7116907094933005
112	137	179	193	-8.848014418061368
14	79	168	171	0.19645729733615624
24	114	151	154	2.1162182359219646
23	25	50	55	0.99260677634717
24	49	122	182	0.16852329459274173
97	152	165	193	7.374363064743214
31	68	110	170	-3.3667495669098546
34	39	49	150	-0.46408568907013326
119	141	150	162	0.15113023378136958
19	30	34	135	-5.097980597927469
4	91	193	197	-7.868315213470853
6	7	95	137	-2.2294097305680065
16	71	144	189	-0.34245118276461994
66	97	112	188	-9.239851514042964
29	129	154	161	3.626569158919539
15	40	94	189	-7.022079731345716
84	95	144	198	3.355579824370867
9	73	147	165	4.514985386890828
60	68	113	176	-8.244024417677236
112	117	170	193	-7.261916513669648
11	35	109	199	9.81655775606714
42	139	156	182	3.872011320512428
18	47	70	182	-5.697312028365098
68	88	108	161	9.295904037695951
57	121	138	199	-3.0673910230301438
42	69	99	183	-9.699249302969868
17	34	151	181	1.0144696468470755
63	65	138	165	1.4549202550814755
45	89	130	199	9.952420987810836
56	114	123	167	3.6694011096705577
3	5	31	151	9.202246466544658
19	50	99	127	-7.892790125784181
11	22	66	94	6.347746856168712
21	65	146	175	5.742029664474465
14	79	117	138	-5.30443134475906
90	132	173	200	9.095349675000083
53	81	103	125	9.998092620416951
23	49	142	198	-9.493314949417256
34	73	92	151	-6.926089415684604
1	69	100	168	-3.1478510699631705
21	38	99	110	-8.023974459287084
17	81	106	198	-4.560104444535787
35	41	47	68	-3.201718002420124
21	30	56	92	-2.6267819556509986
12	65	67	164	-7.072828852028059
56	73	89	135	4.2067913413123375
39	85	123	176	-2.44030474854942
17	80	97	175	4.832606023659958
56	93	117	185	-0.4863485140374717
54	58	139	192	0.6436305455575848
24	38	104	105	-5.486975977832486
71	73	75	77	0.689065131538861
32	52	63	152	-0.3521638603493251
7	32	36	103	-4.183661805729091
25	44	174	196	0.19223517892603503
32	106	129	136	4.211446580663992
48	93	180	188	5.285993384242868
19	23	36	120	6.827299458568717
70	95	118	161	6.045490573832161
6	28	157	186	0.25194760183597964
35	38	104	125	5.562811428354074
67	129	132	185	4.898715110172347
6	85	125	191	-0.9429195096157912
13	41	43	165	-4.997562327916578
80	148	170	172	4.664888111301369
18	42	76	130	6.100441513306411
26	64	90	114	-3.598536038718299
16	34	87	159	2.1792844962857387
26	46	53	81	9.033186676855898
37	68	118	192	0.47316551541018725
68	127	162	169	-3.6882930648518997
69	109	137	143	0.728937143678607
21	51	59	125	3.0850330128267895
7	76	111	125	-0.8109027897734329
104	106	134	154	-2.867598264691857
6	36	106	139	-3.367162700307789
12	135	158	169	-4.0098848583966245
142	146	152	182	-6.91132260787457
100	118	157	159	3.9666610276079783
22	61	71	91	-1.4036963464399683
57	77	151	159	4.607874948980186
117	119	157	195	-7.351640126489465
13	14	57	113	-7.911171939038272
45	177	181	197	2.8345449390434894
51	52	160	179	2.837514584753876
47	55	77	118	0.7026482441219262
23	48	79	131	8.031960589085237
59	70	140	167	6.02914422861712
6	35	182	190	4.578598676843368
19	44	123	151	7.74157259553618
13	28	101	154	-5.07595666675511
32	50	126	194	1.070596080820314
23	86	157	193	1.6863219402972334
3	92	110	111	-9.909718079925682
6	93	145	168	5.382990125009377
95	96	110	138	-4.8154601320115304
5	74	130	170	9.021572868496367
31	55	58	117	-8.963891468614591
4	64	160	175	-4.48448068809872
85	149	167	177	-3.126421992324719
21	56	62	132	-7.548397862342478
52	127	141	152	-3.5250110542309603
28	36	134	189	7.3623833464973885
88	139	157	159	-0.01855859484012079
14	45	98	155	-0.6495969826832955
68	124	164	196	-4.290696036507322
40	57	67	165	-0.7429385268056894
6	71	138	193	-4.264567214416877
61	90	166	188	8.697397059716451
17	87	97	114	5.230099699041443
73	80	83	116	-5.270746952269714
54	57	148	186	-3.7936805279068757
11	32	88	104	-1.9321630616988745
2	34	89	138	7.110249787672281
41	70	83	161	-9.216045444952934
56	90	123	183	7.164044720041854
32	91	175	179	3.8843794961563045
45	74	148	178	-2.0822653965959663
22	67	99	106	-0.7464695797424099
38	108	120	183	6.785257031862777
14	100	108	138	4.5479221906065455
104	187	194	196	-3.5889671019141822
2	33	97	117	3.013748435546413
64	111	129	152	0.7430533434594988
59	136	146	157	0.4726658165132811
39	54	67	167	-6.19034240236142
11	54	57	190	7.772580606807576
31	105	112	186	-1.6980362272525547
26	32	51	93	-8.718020070800295
42	43	50	98	-1.7684242200718714
10	24	43	120	-4.939381131289431
4	36	97	107	1.6127400848262852
14	56	129	184	6.7687027714823955
71	100	133	194	-1.9074285929984232
20	40	45	58	-1.3360391060474104
84	118	139	153	9.048300612368141
11	47	79	159	3.580909446547073
80	144	155	166	4.961614508669015
36	54	81	187	0.5551738071725829
5	92	98	161	-4.134397634747171
29	113	182	198	8.707856246920706
88	112	146	163	-6.390449333334827
12	16	74	95	2.9154443040557947
94	98	145	163	-1.9652249991986963
-1