4 	 200 	 250 
46	73	134	194	3.499265390744913
4	62	103	150	-7.387740509939064
23	46	53	186	5.384533036759176
58	172	187	193	-4.818892775601961
20	54	176	184	6.058150852981747
12	51	90	156	-0.6792794382648104
133	142	150	175	-4.962085186810423
34	110	116	162	4.238025859081578
67	89	147	149	7.1258150798219155
17	65	151	172	-6.78242647398471
35	60	150	161	-8.709067329040241
53	79	106	154	-5.169833782687203
3	97	197	198	2.3101852452238916
147	151	185	199	-1.0663515880840144
37	97	105	194	-7.430312210976666
43	46	67	93	-2.224572537364484
29	84	95	191	8.690974134521944
8	20	141	184	-4.300259391415738
34	58	59	124	-8.37912462045333
32	67	82	141	-0.3026072708490819
62	110	128	182	1.238258980507581
6	43	104	166	5.4524530040102235
1	25	128	163	3.501359151596205
79	106	120	126	2.754377699582566
78	79	84	146	2.044987882379047
8	28	109	156	-0.9664649267497953
28	31	143	194	3.8742721431181053
16	18	29	104	-1.1990782781205525
112	118	163	182	1.1056156418521645
8	43	106	112	0.1853924604478827
27	36	91	134	-3.833624619585314
66	79	127	181	5.455417682933778
48	59	63	94	2.9153608829191118
22	82	100	115	-1.3501337637361388
38	93	138	172	6.54384045611371
24	25	46	125	-1.6298300048250702
37	56	135	145	-0.8129769858135045
3	42	73	155	-6.486638895973984
60	87	117	131	6.773253335130715
122	128	129	134	4.8277001597821645
39	51	136	193	3.279735238607982
44	69	79	147	3.8809075991196984
40	110	119	164	1.9827446075959827
88	101	132	152	1.4235028402363739
20	108	120	122	9.080836604062295
28	30	47	187	3.9452073914392916
50	70	76	78	-4.351570343159434
3	113	147	181	8.535778816074586
11	25	84	173	3.200447529495353
77	117	119	158	-1.9606556923653269
4	34	122	190	2.5680516454124014
21	27	104	116	-6.1704999527689175
101	128	163	181	-7.42568342966184
47	52	91	103	-6.590124532730193
4	76	128	133	6.986131623094295
21	65	145	182	7.350812883469704
2	93	174	177	-3.927840649512464
5	65	78	118	-3.3564207039838116
8	17	45	49	1.3876545084245215
60	68	194	195	-2.534820020226068
7	57	131	197	-2.35846906570651
9	20	75	127	-0.21836068179628398
117	122	158	166	3.1997088864030374
43	73	83	171	1.8453979321178604
120	146	161	174	-5.904478184600741
12	53	99	117	-9.357781661856109
57	99	186	196	2.63053190280578
111	151	166	170	3.0637095372291654
4	110	130	161	6.935964391377674
110	142	144	187	3.6818458248442667
24	32	119	127	9.631324427268709
5	49	78	118	-4.512672205373766
8	78	130	147	4.232984782375617
29	32	126	181	-0.8563218308932754
4	117	175	185	-1.0656679853864937
44	82	93	131	-4.266789665078283
83	97	186	190	-3.8753059310671016
47	55	162	177	4.993750185163378
27	32	71	78	-7.231542123250481
66	98	119	146	4.919537807710201
41	99	127	195	-8.049084094861698
10	66	157	187	-4.285000103195989
49	78	102	186	2.6401901583500056
144	162	185	194	2.720122109669269
16	51	78	199	-5.398529891970827
28	127	174	186	-2.5507034438299714
9	83	111	136	-2.4599006527247935
3	15	54	158	-8.1813391576463
41	118	143	155	-4.326138285537238
5	86	107	148	0.6767453432333923
15	58	64	121	3.095525471653314
27	35	164	171	8.148607943245697
33	61	168	185	4.444611252507897
29	86	182	190	3.9223838441854504
153	156	184	192	-2.2094795061856516
3	19	26	69	8.319869148773446
117	143	176	197	-6.241397411360577
96	119	122	151	-3.56720173563728
73	154	171	179	0.6021718073115707
1	50	146	164	-3.900742078902537
31	44	119	186	-9.837329591268777
12	58	86	153	-9.527971955577206
71	96	138	150	-9.993063261563687
10	99	101	139	-6.460416142924501
24	62	80	133	-0.29674722156072875
79	128	145	186	-3.5149122511005544
73	90	92	156	-2.8726549987749923
12	39	161	169	-0.8662996669531005
32	45	65	132	0.0931088034581311
39	53	98	121	-8.889743130117328
33	34	44	51	2.5767812486575714
21	81	107	173	-9.976643631029924
29	70	114	133	4.245371438368526
15	49	97	147	-2.6985705774661817
3	38	69	152	-7.547619845252873
161	169	172	178	2.5189603084621144
48	93	110	115	-3.4926358386621263
2	68	172	179	-9.980028124037371
9	26	52	162	-9.783497932412924
12	57	144	148	-3.7075241419675153
30	33	152	155	-5.195445493223523
1	66	87	110	4.39289634151322
110	112	152	182	-6.879240459969811
55	67	102	187	3.2822973368765282
116	164	169	180	-4.946577352237284
14	41	152	162	-2.4279958740575847
29	62	67	97	-3.0173747721303386
24	56	112	178	-4.179886320584734
30	45	84	94	0.5320196832705086
70	97	125	174	-2.185073680981617
23	82	139	194	-9.992896787489066
38	44	135	165	6.454088450221079
53	146	183	192	5.4858193184339505
33	100	141	152	-7.33050532924914
101	163	186	192	-2.180844590457447
99	116	183	187	-4.834014573724959
33	41	143	191	6.477228569649313
17	116	120	169	-2.030479093469273
32	62	138	150	2.4668196885968428
2	64	88	146	-6.5793534729628185
19	23	165	192	1.3828452995984204
58	64	85	127	-0.3529255588682254
30	32	130	183	5.750850302213436
16	103	134	174	-0.8165116052820665
18	58	110	197	-3.3355626701695424
17	69	105	147	8.472770175675063
30	105	159	175	-3.635289973405314
12	56	151	175	7.29603813916809
38	44	66	147	7.244290503020064
9	30	190	191	5.073205695639974
3	45	50	171	1.2931698421170843
47	99	138	161	3.5086688270414648
29	94	127	147	-5.40126873015806
46	56	82	95	6.7940330771710435
27	164	172	190	0.03814578250083045
7	49	67	193	-5.8891534397016265
51	52	130	194	2.483390408779467
24	51	158	183	-5.079342530351414
67	68	147	177	-5.102798472152468
62	71	106	182	7.866311759040713
29	34	98	155	5.035862852951784
50	58	155	176	-6.272584492905542
46	71	87	118	0.4888330193388839
69	108	110	116	-2.1535326609523864
3	112	116	173	-2.893082808349061
64	129	137	142	6.36546520760951
144	148	163	165	-8.196832005944238
34	45	73	75	9.886813283637245
50	59	114	133	5.096227153549808
12	94	133	185	-3.5341607140088556
43	96	173	194	-9.959048293259565
13	32	43	132	-2.941375494953993
41	43	71	117	-4.774881758533072
61	74	121	169	6.400798804624667
46	69	120	190	3.3859029957630753
33	48	66	105	-1.172071384041386
64	101	118	160	8.708096576953665
10	166	198	200	5.579626729263607
53	65	75	163	9.19083359228297
29	117	135	167	-7.3617428104624505
93	109	111	187	-6.835641455189522
19	109	182	195	9.44753271724478
110	133	167	182	2.1656812246166126
18	93	119	136	-9.052180999495638
47	100	125	189	-1.679154040023608
152	154	161	172	-5.451479988214764
12	50	163	166	-1.8988543779804594
36	144	148	177	2.4238451863083057
2	27	68	181	-5.647227036058348
2	104	163	189	1.511802052641853
98	154	170	175	4.622511955191829
56	68	142	155	2.594517057524243
33	49	93	99	-5.5048254219002635
39	136	157	199	-8.798203279904396
2	68	75	159	-3.140069463832315
75	91	167	188	-7.6646904756292695
6	9	72	90	6.286979533244498
168	173	190	195	-7.786155679849365
34	38	61	87	-0.6721287896563588
61	114	166	199	-4.14936756865028
13	21	83	192	-5.591291591121623
133	148	170	186	-3.055821885074943
2	72	140	180	-1.916120301477008
39	81	106	199	-2.7795014687116026
97	113	122	163	-0.035328025477820546
21	47	50	157	-7.170430778331376
68	129	183	190	-3.8528375367947554
4	9	128	161	-6.142612810178498
42	120	179	196	1.544691659320792
24	94	158	172	-7.344544545330141
8	46	134	187	5.133415489457514
92	115	150	154	0.3380090012179231
24	47	159	165	4.903375007354313
40	43	110	168	-2.5454534939031586
44	52	114	130	-4.909993108131864
110	131	199	200	-5.200945388056892
31	43	124	185	2.1933580530953876
6	50	102	171	-2.420474764183103
18	31	136	138	6.253966454125152
3	23	80	187	3.514263025838183
57	143	156	198	7.9488320627274796
26	45	71	167	7.058050900152097
49	99	118	164	8.207469501029394
38	42	157	176	4.6670272802658594
4	77	106	130	7.679156062671058
50	96	153	169	-2.813766859042741
7	9	67	74	-4.227854279618959
7	90	102	162	-3.246248319619111
100	111	138	139	0.5878560743501797
14	65	144	192	-9.097624793936859
57	112	145	150	0.08132541473522004
1	81	103	178	-2.0645089879998295
24	35	45	148	-7.824995183745063
60	76	110	155	-8.784868439045958
120	150	162	198	5.864911593534297
92	189	191	195	-8.257693744713386
25	35	154	166	-7.788336694039703
39	81	102	194	2.32187817597762
32	39	65	113	1.541622586592739
29	146	168	186	-2.8265845651188437
54	60	83	134	8.112678518511817
40	110	145	183	2.478605422216555
63	101	112	180	-3.285727104557541
58	131	150	181	-4.113102693192136
56	62	102	151	7.522008240750786
32	71	84	111	-7.662126220186316
1	12	123	161	-4.855833357786603
10	87	94	173	-1.9917381278846094
49	66	94	103	8.810023716673822
85	109	147	166	-8.622130623719404
-1