3 	 200 	 1000 
101	102	184	2.983260115191463
30	52	152	0.7753750662626793
78	184	192	6.652096653502131
61	153	187	0.49907135080975884
88	187	195	8.26587842607557
146	154	169	-0.2829577373954155
20	34	180	0.33849432165742144
42	55	73	-6.411850308591356
27	82	84	-4.40358564143459
51	121	186	-5.854484955335579
64	162	181	8.90206613127322
11	50	185	2.549204900876603
4	47	94	9.033546266306452
10	82	176	-7.246485419780302
45	148	169	-4.4499845601192245
35	63	120	6.8718301541413815
22	128	196	-0.9412941826776695
41	59	149	2.9430288025758884
60	70	180	4.694135142140103
39	57	158	-5.626630144226537
131	183	184	-9.558322108776006
14	95	129	-9.333484704475971
59	106	133	-7.194721401817546
135	158	194	-6.09733657451514
63	138	185	3.8439916276344412
4	94	123	-6.886455909051163
160	168	196	1.832280170414851
55	61	168	0.8115506646812083
111	138	184	-5.087187368083519
117	136	191	1.8134764090488211
21	98	196	9.513729701133947
6	46	85	9.927960011064982
9	147	193	0.6063845577963036
25	119	153	9.185546559554318
47	81	199	-4.120897720122332
32	49	147	1.5981874923654633
73	137	177	-6.4143311973056605
13	45	143	2.5090015559394185
11	56	128	-9.188257367731188
4	48	98	-5.6442780556319105
58	99	121	9.300376149114623
86	143	168	-9.230311081809104
44	139	189	3.5040799718821276
99	123	199	9.899673199894586
25	146	166	6.42870824929544
54	115	150	6.960500233187567
30	40	72	-2.3240145560630037
29	152	158	-3.9843615102372176
26	152	165	-2.0246244708505383
49	106	179	-2.5078794846593278
96	112	182	-0.1814817659085044
13	19	112	0.6101642305020256
28	184	195	5.6946313471717716
8	34	98	-5.512736385120432
38	82	83	-0.9634937534173442
56	125	168	-2.626755084819788
2	58	109	-1.7907584507332768
34	71	182	-2.9919773174100524
38	101	135	-6.817713799485354
120	152	172	-2.5846756857611863
24	68	171	9.65915275533128
35	42	109	0.01738812188535377
43	148	198	9.10078908159657
92	142	152	1.319214419383366
33	88	137	4.016794980921114
12	65	168	5.430330751843357
34	86	92	-1.4582996599514466
70	128	198	-8.902813387798716
152	164	167	-5.549413140345926
113	115	134	-3.682654569956725
14	26	38	-3.844851360307082
7	110	143	-9.221046994553848
140	143	182	-2.8260057505585223
95	149	164	7.425014741619854
53	79	104	-0.6925681199303373
23	91	167	4.12372153986005
17	131	186	-8.3541872760055
42	100	157	7.177103112391066
79	109	156	-1.9902855140487148
42	128	136	3.3403379398115014
28	98	184	4.7104554807771635
19	34	122	-2.443348715462821
16	41	174	-8.689248613167157
11	93	139	-5.402008331872599
30	85	164	3.196501624776209
9	84	189	8.816195847595917
44	112	191	-3.887001187311303
25	65	114	-6.717925384772521
56	131	148	-8.135847414375007
21	123	198	9.724250483966511
73	151	196	1.0662630920514395
168	170	178	5.138289885240146
56	108	127	-5.302687511020725
46	181	195	-4.146104389361518
12	14	173	-5.586442037911827
35	127	154	3.1321104997997136
17	61	78	2.071881149488542
8	28	85	-7.577001306730578
9	55	59	-1.9029935287897253
128	156	166	-8.7029488544783
29	72	86	-2.7069683989049897
20	84	166	-6.478428207067277
13	143	161	1.4480354820988932
43	127	154	1.9418571957750217
54	60	169	-1.2439539200606795
28	59	168	-4.0936678965760365
47	105	178	-9.437260177427827
53	143	181	-8.680068551278968
31	43	126	4.89219046739796
15	79	183	-7.310405267364586
21	155	172	9.136369195532453
44	83	171	1.4254218620931027
135	146	154	2.219245096852152
28	109	151	1.0134515687943768
15	85	132	-3.059851532255764
32	47	130	-5.711021439872255
83	124	189	-7.365773705668053
26	56	151	3.7656048917803826
59	150	164	-2.0057513836365137
32	61	173	7.4575208839140785
57	65	200	-5.745332518219111
128	129	135	8.360765087108316
99	127	191	-7.4330442824395915
62	185	189	-7.628809810238857
36	170	175	-8.536108440885107
34	58	132	-2.5574342510514896
39	174	182	-7.118753128089688
73	138	144	3.597182749804304
92	164	190	5.399635867668005
32	97	195	-0.8255933642059929
34	123	132	8.99510316080448
25	51	159	-5.245638698230186
16	95	145	-0.8347484516488528
111	113	174	6.187242116448154
60	74	117	8.831498752805654
41	96	159	5.658354948648688
32	46	118	-2.0611797487920462
34	84	182	1.6054703011955702
108	127	132	3.8681131707390026
83	132	199	-5.803312463526835
6	87	153	4.252879670372957
71	85	168	6.507301298516946
49	93	128	-3.5452408014380232
13	37	169	5.862953665584827
109	123	131	1.159575930573947
11	46	170	-0.06759022972202544
7	30	184	-1.70761025523678
55	109	183	-9.027329547315148
49	192	195	2.4944706363975033
3	39	171	7.216313570441617
69	90	178	-0.276010557687453
46	48	97	2.6804599590366998
2	72	114	2.833735860468355
101	123	184	-6.391897566940507
16	73	151	-0.5361781842678344
42	67	179	2.1132876780163894
19	41	132	7.674449382739613
28	162	167	1.6743884491294203
97	182	195	-1.9914745180108824
92	148	180	0.28256306282111865
22	174	176	-2.829858470789577
51	103	173	0.8966235942428966
23	77	86	-4.5927689388001784
96	163	188	-5.860717300472915
7	151	152	-5.914139404049914
86	90	156	-2.036808997951038
6	172	191	9.437763159895379
35	92	126	2.845116013487541
31	36	40	2.123834923773945
110	130	177	-1.2664543289473311
32	89	196	6.34345366911187
62	144	152	-4.0374078958333754
11	162	171	-2.631578144848943
7	24	53	-8.673781819579094
50	125	190	-9.430615063686329
50	63	180	-1.4113444400542043
13	53	95	-9.051323305404464
34	134	150	0.04913628708833606
30	54	97	9.944190307250395
18	113	192	-5.821285701442824
64	176	194	2.0186330281830536
9	44	199	5.204041586686671
50	91	170	-1.6594873863187214
158	181	183	-3.7021486200259757
60	72	73	1.6503316506813466
15	146	181	-3.3656095158566357
118	154	173	0.5135568868374811
47	157	182	-2.00601561640598
140	144	191	-7.104082328265903
167	181	198	0.3531726623799649
48	56	181	-9.98245740655712
13	165	193	8.454771597981036
31	67	168	3.809199034070499
35	74	116	-7.161500471494897
40	127	159	5.593308957293495
70	80	83	5.2706708537799845
52	63	82	2.287493192466723
13	121	179	3.7481042127562763
31	45	115	-3.308206572465755
106	193	200	9.750026503194281
12	45	84	-0.6006596269452444
51	75	107	-9.805435501846425
65	84	152	-7.470991943958585
16	55	70	-5.566105369414609
94	109	160	-7.329112000125719
58	146	180	4.045755140588987
148	173	185	-7.208950710172008
66	85	169	4.882028610085381
8	74	116	9.12802463723332
33	119	192	6.50594840225256
25	147	190	7.4712134265358685
70	78	83	-5.155648589789856
111	112	177	3.701738525710832
73	102	114	6.947584198304007
17	124	136	0.9414221342951166
24	77	90	7.262920087902216
94	135	164	-0.6736441438820684
18	79	83	0.4997887065844573
28	106	178	2.20599191805886
56	141	149	-5.115493531703203
23	34	54	-2.3743734834540486
43	195	200	9.376292462971861
1	110	127	-6.031734568436422
14	69	148	-6.223134282157217
1	44	188	-3.1128397214649777
69	155	186	1.8892592221749211
120	143	175	-9.639555259938906
3	6	133	-0.4235701273032575
11	23	116	-5.349649937193142
115	165	200	4.396377539338705
16	42	96	8.71225305924828
101	129	159	-3.260498644747578
57	65	157	8.700005371603467
131	159	162	8.810402356098741
40	60	93	-0.24251267923032316
89	111	137	0.8157120713647803
47	68	142	-6.715097016060838
47	53	132	-2.2756630860661486
98	151	200	-7.845609421508694
20	78	120	-5.917740858225047
4	80	88	4.844252198466313
98	99	141	-7.729750675503677
1	18	192	-0.14690137741614961
77	152	163	6.412940742815529
74	96	190	0.00417587938352959
1	25	55	-3.452642144962857
101	112	182	5.386025503394652
13	57	67	4.46940135680396
113	133	186	-3.363295711456546
87	111	148	8.132876130850946
58	111	130	2.569363747998004
28	128	175	-9.004145519814326
82	170	176	-3.786228230563326
97	125	152	9.643315920376669
108	132	158	4.516348746780288
43	44	157	6.283133841028313
113	140	174	5.560107712841518
54	107	165	-2.3280399664002864
27	159	178	-7.957319487127665
7	62	157	3.768515664927513
32	86	132	7.963845574750021
33	93	168	8.753532421054405
36	86	100	-3.3652733927048235
2	62	171	-5.375751648844802
31	59	70	4.429895341835985
80	103	119	2.547799911351108
16	111	171	2.531355538879618
19	75	83	1.8909326873714338
58	131	157	7.151687188618329
45	104	144	-3.4368322750877223
87	115	171	2.9565342821891587
95	99	181	-1.8326634308253187
66	125	155	-5.342341532298467
33	139	200	3.1790829874668383
101	133	154	1.6948089355502294
10	83	118	-5.8473417128672285
98	143	159	-4.159098286632698
18	106	115	5.753551005941841
43	127	187	5.118371517386684
28	86	117	-8.65093554748465
7	68	142	4.390334616412055
13	15	66	-6.757690036540307
145	186	189	-6.366283428959793
4	36	126	4.365591417623593
68	88	101	-4.803518035620302
38	53	161	9.649744412108909
4	22	180	-2.8134364921446036
56	126	163	7.518394299087994
90	181	189	-2.871911220250256
19	68	184	1.5108005970910448
8	35	172	3.528202787665382
57	83	188	8.88470809913344
22	58	196	2.876892092137526
3	193	200	7.918368157854438
6	55	172	-7.343044014465773
42	87	160	4.424945056774936
45	127	189	9.057441318028989
52	55	148	-2.834239023550815
7	97	190	-0.6823239192628847
88	121	153	7.410178886374503
6	23	131	9.76045139837272
65	67	75	-5.553682423204648
10	12	129	6.499081203998873
60	115	164	0.8367725169666844
13	35	48	7.494421921560296
23	41	176	-5.29981546536169
26	42	180	-6.013989419189887
2	120	138	3.5378964537999007
30	90	116	4.860098809617297
58	101	111	-8.157754900708806
99	103	189	6.169109684074321
3	17	195	-9.672582099294118
133	141	188	-3.574232397620831
94	177	181	4.844170614022152
58	90	162	-4.053766193389572
2	9	142	4.332765827803527
13	68	179	-1.9650358909096006
62	104	144	-9.121210006481613
6	66	83	-4.788879345184139
21	44	139	-6.3736636108798805
66	130	179	1.867143434236219
48	50	106	-9.260172452771787
59	88	113	-9.88620049146584
36	109	188	8.147439722035926
39	153	197	0.373569480335906
33	177	178	6.777704814686807
3	25	44	9.16544416907556
18	42	174	5.969720241411668
171	173	198	8.579243116047266
8	87	184	5.826994416636795
83	98	122	-7.537735397467646
122	131	187	7.267453161165555
68	90	153	2.1511831159098964
14	118	182	5.851470980587161
38	64	173	-4.0553710645613705
67	106	151	-5.400474631682492
77	132	196	-5.769076635601675
20	76	100	4.3927622166871565
5	106	183	-9.086755485578308
16	119	200	-7.574137451693166
89	99	200	-8.689883467907668
43	143	197	4.9419410534398835
19	63	99	7.787153737723955
32	81	181	-7.405485315022915
76	125	184	3.979699521985216
4	25	179	-9.435313640352481
8	113	141	-8.35233331447637
19	58	108	7.487490028919279
35	63	104	4.640851276078772
53	54	101	0.366405996141431
86	88	149	-4.181410117596491
104	115	161	-4.2940956558956245
2	55	160	1.8729158363150091
19	26	98	1.510644505858025
93	137	200	4.067948751832223
8	71	72	4.231114995790794
42	129	163	6.168085995282624
65	112	145	-1.1512166330097422
96	103	126	-7.1163507677390765
9	98	143	-4.909106370749381
13	102	176	-7.165954946814608
22	51	149	-8.306596167194424
10	14	82	5.815345600212581
101	106	198	9.011171004564119
125	181	194	9.531577606857947
8	15	80	-6.45268390394985
26	44	121	1.706411121490035
13	22	136	1.3737063636265106
41	96	165	-3.1313509266139494
3	131	176	2.879977826544195
41	71	101	-0.447815135187291
4	78	200	4.8536326539451835
67	88	171	4.732264633291299
133	142	184	6.3264357613200914
160	164	165	-1.175327590913259
16	83	114	-1.3738255234825942
36	120	179	1.8751004231921655
35	53	101	2.589176189935733
106	183	184	-8.070494876232875
117	156	159	-6.68777635603689
124	163	166	2.0754504528197497
29	75	178	-3.7323097710193576
35	179	181	-2.2248110983190923
146	173	176	5.989107549488807
14	19	40	8.289795961362536
4	42	73	0.2296084424701501
10	24	54	-6.157054379397238
52	68	113	5.112383504975611
21	141	155	-1.2655354547673276
38	149	198	0.058958216692321486
82	98	188	3.9525586677756976
55	137	143	3.925842909305606
12	50	123	-7.205102876957781
55	82	105	-7.645265073866787
19	46	182	7.724912148641959
5	19	199	4.2443619977625975
100	164	184	0.6984668301947394
13	66	158	8.895747216007408
64	71	127	9.027335953887452
48	159	187	-6.1976325848970575
45	73	155	1.9864311042979903
3	12	23	-8.132206002689077
1	8	29	-5.447131503994602
3	36	165	-9.695772809066053
122	128	146	-5.272915967005984
56	91	159	-2.497480122105314
44	114	162	5.410239547069867
15	126	173	7.589646277725798
78	150	161	6.699108461734621
83	121	172	-3.3831652694984005
15	49	110	5.416215485142191
92	162	176	3.2392696698308754
47	87	129	-4.236312938915409
9	15	199	8.740447693311015
44	152	193	0.7910381836080678
7	23	98	7.4312452699280875
46	147	183	-5.887678998342731
56	78	159	5.186852705580305
43	108	133	2.677516651560893
32	88	189	3.1741713816431982
58	59	184	-5.766292224062641
41	99	196	8.226861849152154
39	71	108	-7.9306567763571545
46	71	150	2.3216713655787977
52	77	124	-3.092007444302305
88	121	151	1.0341384251400747
47	54	170	9.942162502440638
30	125	164	8.558634740694668
8	10	144	1.2839009245343362
48	140	190	9.66457371416373
25	30	177	4.325407282529179
131	149	195	-4.301357730779474
83	115	184	7.47201050322515
15	83	129	4.825779850721055
88	93	131	-6.341349943461205
41	67	80	-8.756264837538154
59	102	137	-6.0875747146508346
108	144	155	-5.442968664766196
135	137	180	-3.7849467294303913
17	58	194	5.078483688571943
40	94	155	5.08994519975448
125	174	191	-3.691797591808788
19	133	162	3.1229955433341132
4	52	164	-5.265832944583899
38	44	53	-9.67800584633579
10	92	130	-1.2503669175665912
38	107	122	-3.6488115771386953
30	120	127	5.106376930509036
31	59	130	3.999677276716966
4	72	160	8.003786145585472
11	64	67	8.291006469306076
10	11	76	0.3759870335896629
18	24	73	-2.2680418712340833
30	157	169	3.3094261084051357
80	83	137	0.5676880290366668
9	195	198	-9.76225357694564
29	110	199	-6.641740559777247
73	160	189	-8.805214728330979
33	88	157	-0.11329590524002242
34	88	176	8.833239624534894
49	138	180	-3.2386236809874873
65	92	147	9.345940304959573
43	118	185	-0.13497681897021607
84	107	169	-1.4204177216722478
21	49	94	0.13395965304725266
53	79	157	4.414220193251413
36	76	113	-4.442388212439202
93	136	176	-7.927239963161683
4	144	153	0.32180474387669733
31	122	156	1.9857855806838032
144	163	195	-1.137870263738261
6	53	100	0.3127080329130081
18	181	196	6.292867879228904
70	108	193	-3.536734210466017
84	138	183	-5.405223894953672
137	187	199	-4.14335318798142
30	79	89	-1.196985507518665
61	119	179	6.066958371209793
14	116	167	0.01844488868538008
66	87	162	-7.832113267066411
24	56	93	6.531690211514828
115	152	193	-7.4901947180803585
76	176	179	3.0642313434235433
93	117	132	-9.681248506368545
76	99	126	9.59651552381857
68	81	190	9.63368670908774
109	114	175	3.6954910747084675
89	106	156	-0.7487155078885106
2	146	184	8.582673302159542
15	43	48	-9.159989955707994
51	153	186	-1.4165485368208017
41	66	76	8.261810371558681
15	58	116	-7.083145488070706
44	108	121	-1.5349333724390508
9	94	129	6.768606528704719
3	187	188	4.024172056457584
83	155	179	4.461494123749768
62	65	99	-1.3934917950786225
4	132	197	7.734945314251995
48	50	124	-7.795781750563895
4	42	49	-2.12283626327217
53	149	165	6.038545877974176
6	40	80	-8.929847767380128
57	128	142	-6.270620123699457
39	52	72	1.0986166881038137
91	96	184	0.16378626320701528
96	141	156	-4.829140908663123
3	76	134	-3.2359668478943266
62	94	127	-1.1686490495150625
96	141	179	-6.759688990353279
3	11	109	8.361464306168923
28	106	170	-4.913526015480787
69	112	191	3.32698076771962
10	117	167	-6.396672002579747
26	56	104	-5.294139536266831
26	101	181	-1.2314244100580503
46	61	173	3.0497033134767513
92	153	193	-3.2948023241605835
28	98	103	-5.566589540651936
17	70	79	-0.6190445040715336
41	72	104	5.64131855077264
95	156	200	9.684872066713421
1	4	134	2.4586534295550635
44	102	138	5.604308876735008
44	51	146	6.337442197969473
5	46	94	-5.0777125864647
18	176	185	0.4909563310340772
14	85	197	6.152649280380704
79	116	187	7.574122964243344
99	107	168	7.765392496972957
16	79	108	-2.341122564434359
36	38	49	5.797693658765171
115	159	169	2.918516067519459
96	118	175	-2.7177389222770536
29	100	128	5.317486280119919
23	41	142	-9.888717138014421
46	77	119	5.101520752421928
101	113	172	3.4177547014584775
22	89	178	3.843344764212924
10	18	187	-3.4618870866405
68	165	166	-5.888652186833541
11	87	106	-0.02895209808435162
49	92	152	-5.570507363543422
108	172	192	8.1549081133744
60	119	199	-4.9376500066995765
81	146	158	-8.800355415608127
2	41	122	8.615490508844566
23	29	33	3.462727165343779
22	150	170	8.340583540760147
80	96	151	-8.3608033840936
20	164	194	-0.23101361191387682
133	141	165	-9.815426169091594
89	154	174	8.03405463439558
110	121	146	-7.894321404788904
54	68	200	1.7825057579496892
109	139	142	9.34735598473464
9	39	94	8.59725755181396
33	57	107	3.4001937704014935
5	152	158	-0.6662695726352226
135	158	200	0.1296995245130681
37	96	147	6.937367435396048
132	142	156	-6.83465560550143
54	185	199	-3.031808180917328
1	80	178	1.3941213737672307
17	66	185	-2.917586736217612
71	80	177	9.260149310982726
117	121	164	-9.628501430062855
35	125	156	-2.81178638546365
135	146	155	-3.3307755793296607
9	164	171	-4.044904742950523
88	129	146	-9.411438787302213
14	103	153	-4.532352045116075
49	55	190	-0.8522710260560888
25	110	158	0.7548261686572424
40	162	173	5.9342525817787575
48	65	84	2.496111803829299
21	95	101	-7.647586043884072
17	35	135	8.549706138589524
2	60	85	8.092718308642443
114	123	183	9.68862425026208
87	125	177	-9.283794590950468
52	65	100	-6.212127855199292
5	113	200	-6.510438798141136
14	56	188	-2.402073063142378
33	46	195	1.1780627320215586
22	72	196	-0.41380981519053783
52	58	105	-9.202553165424003
4	59	187	7.997801965520043
29	107	169	-6.406559608060524
7	98	160	4.3169652605969215
61	168	174	8.094289670723825
51	74	184	-3.918602825080786
69	86	113	0.38217056055800924
7	50	90	8.607045345890675
109	116	136	-5.7322805223577
9	90	99	-0.018554411925350678
14	100	139	-0.9044339107602717
120	141	191	-0.39947611347565193
64	65	166	3.090276957472968
58	65	183	-3.02890521292494
89	126	151	7.687288467924628
70	119	158	-8.29325811079956
64	72	94	-8.69571047748291
44	99	103	8.377222885725264
49	68	156	6.651430211793546
54	168	184	5.058845031314656
25	72	192	-1.7024486596455919
110	129	150	-9.118890255870557
66	126	176	-0.9576701090835549
19	70	93	1.543110010411775
58	59	131	-4.709768921844725
40	52	157	3.1686053649739616
23	68	154	3.1516575409765686
145	147	198	-7.462192479014352
31	49	172	-0.1911592930299406
16	123	158	-1.2351804167262728
57	183	184	3.541471160803553
63	89	186	5.9842944766751565
5	14	32	9.151330197822958
11	81	152	5.2282443777889025
37	117	130	-0.9885659650156935
4	26	150	-2.5625223959288412
53	81	144	-9.359728628270593
111	174	200	-3.8807055998973494
19	49	149	5.655704155622807
101	116	127	8.480059585079097
18	57	153	-5.458695004292031
105	125	195	-5.761119674503943
13	85	112	-0.7551626799410887
62	110	196	-0.6825365704946584
23	95	112	-2.1791062399299292
45	97	128	0.16229177291324604
22	124	200	6.2252033611343265
29	88	181	-5.7695536525901
53	158	186	9.17397166877095
3	4	199	-1.8342533534766048
98	178	196	4.9305383216895144
1	64	167	9.319368002756764
129	162	172	-7.84105913843633
29	124	141	-4.058242835222742
36	129	190	6.489982146343571
38	83	186	1.0639158005870204
99	144	193	7.81528366593388
76	97	132	3.7236961579102363
45	88	125	-7.443094213672117
1	10	147	7.17485977798432
32	42	142	-3.8725452253397457
117	169	179	5.086736813239694
9	83	140	7.967028585821435
31	65	155	4.075958589926106
143	165	198	1.116924608323357
27	28	110	-5.835596672408821
15	41	150	-6.5451519279518795
125	143	169	-1.8502880838119378
19	61	175	-5.97494637022116
19	64	197	3.429985769849992
5	22	139	-5.12350775982039
44	71	194	-3.158646043466778
4	119	133	1.1268860506803868
57	92	121	-3.252329965968368
67	103	126	-8.916593798227506
10	156	177	1.590288818363204
14	40	41	7.855553148749426
53	55	115	-2.0122487445155173
4	33	145	-0.9582007607649867
1	34	119	3.0627143228172002
21	58	191	0.5311152099816123
92	140	174	7.76862041781126
23	120	146	-3.1493742405803253
13	110	143	4.430852212871281
96	158	173	7.647007862501049
81	152	192	2.76019451874798
61	106	141	-5.344240068732358
56	172	174	-2.2300990448147022
22	26	128	5.669933908925875
4	9	109	6.509486359595542
13	104	195	5.074656484746638
11	41	188	0.9937230526828795
77	147	189	7.192833500567538
6	22	169	9.445407404250851
6	140	175	-5.450750334697439
33	67	116	-7.643465383896202
28	56	86	8.651132781702099
52	158	164	-9.847575001387145
39	96	132	3.110051703706633
107	112	147	-0.31439195478753845
52	143	197	2.1681681788451073
96	97	120	7.018786664781853
8	74	156	-0.668462685335701
58	118	161	1.9924362578079666
41	75	176	4.611892919247445
11	133	153	-3.372761766744432
99	138	180	-6.788338123921854
18	110	113	2.657194747418913
23	55	71	-2.04693312623327
78	156	168	-3.69794063713909
10	59	124	-3.1096685017858423
7	119	152	-3.2416015197745107
67	99	191	4.9962348128452625
69	157	184	4.014817006006531
109	139	141	3.0337504307172853
82	89	193	3.082182537901444
68	82	91	-1.8855251928620582
44	128	133	8.840134188197425
55	61	108	2.8654761360911802
42	74	149	-7.502007363343461
2	118	130	7.100567312329961
13	72	83	4.607499867566974
42	70	198	8.601228465415918
10	40	60	4.711460000439093
124	180	186	-9.641067638171448
117	171	173	9.73340318260804
93	141	193	-8.36207099049928
17	68	127	8.708531297124456
20	21	173	1.9808687818200212
51	57	60	-4.581049846307157
32	148	160	-5.287186103968304
63	119	188	7.566386580522451
5	74	197	2.0761110843282715
129	170	183	-1.5763571353744847
159	174	181	4.716510459443947
8	12	122	-0.8903108874541275
34	44	89	-7.695741247958581
168	175	180	2.0018350968730996
78	106	119	0.5834463369524379
9	48	74	1.279840323223496
12	46	99	2.962279891280975
70	131	137	-5.423775557117427
2	104	138	6.91873860918831
125	167	178	8.667556362403804
81	82	97	6.9836387082911635
7	60	77	2.8908973535284055
15	152	183	3.952737509328392
74	143	163	-0.33129948939015996
56	135	141	-7.389579660282548
23	28	90	-8.28767206076086
51	84	186	6.852340447389132
7	118	128	-8.423476577507564
97	169	189	-3.0012335519203015
104	107	198	-0.9778377079319878
84	154	166	7.311163114560017
14	158	165	-8.503589741467357
39	125	180	-2.8378093470982986
27	56	198	1.490303312057609
26	55	131	5.639533832310992
10	14	154	8.148993763543025
105	113	191	-9.574259254140976
78	83	96	2.3534657813243136
25	134	181	6.853792910150695
1	113	135	8.269665517331713
57	75	187	1.4172171326776208
45	69	132	-5.459778251485796
45	72	174	-8.107902701707154
18	54	120	0.17664057531516875
22	157	164	-3.1094095809413265
16	81	154	4.400038627179715
30	160	185	-9.321352511499668
121	126	182	4.497183586757213
49	88	172	4.421524672602086
95	122	191	-8.008768451306288
128	153	161	-4.747135982207853
82	102	129	-6.191306315021445
111	112	121	-4.396996136835016
132	193	200	9.077535240857056
39	63	90	5.611453525131962
37	119	181	4.6194470752000765
3	83	192	-0.6096808567484366
121	171	191	-1.6579864026383788
22	26	66	5.26540589922714
72	104	179	-7.795912786660086
18	154	193	-9.821024559393127
123	153	157	-7.146920348245345
51	127	159	2.9224700266942385
2	143	173	3.80059161867136
3	118	141	8.21338462287692
96	97	148	-8.194641870853903
143	178	190	8.6278923907457
38	79	106	6.895400705880242
105	150	192	8.733254288017314
26	165	171	1.6703054553852308
101	142	184	2.995665382354776
50	79	141	3.982527036123983
148	161	187	-0.003538316105554884
17	150	154	-6.871819722558921
8	63	109	6.406832666078039
28	68	171	9.47106447175242
124	147	154	-7.634199507251629
15	112	163	8.898001333761872
5	12	66	-7.351646986636659
15	54	131	-9.848270142668412
38	61	195	-7.377891198279225
6	71	72	7.700229577841867
47	54	169	9.886571964160101
80	96	156	7.622427094699631
1	47	55	-4.806703006223476
48	98	115	1.6203047820930738
57	108	109	9.219846973515704
51	113	185	0.7172320888636197
156	162	197	-7.804004939023967
13	147	168	-2.9996163308869805
121	160	168	1.1155151453802077
33	133	175	0.872624177716899
92	117	131	-9.973203946618078
69	155	187	4.22432473831001
10	37	88	8.423573279408586
22	48	126	5.744546202677368
121	167	176	0.9636453948218566
30	44	125	-6.486718599610937
74	147	185	-4.6942152238304296
40	86	196	8.665906850319228
44	101	136	-2.4073306517285147
100	116	188	5.012858478889262
137	150	195	3.6998694492501
11	32	171	-6.983774692046401
54	145	172	0.42144707447023855
124	162	169	-0.04891861908926032
52	87	107	-0.04443711218359425
12	15	42	-6.565694731881056
24	171	178	-1.683662097793185
76	122	157	-0.5856892648954553
10	22	34	-6.87628390128904
52	109	183	5.434376406327299
29	186	196	2.5524432309847978
8	12	159	-7.24800696838434
8	17	45	-4.86457094550349
1	158	195	-4.3732594453041
36	37	144	3.2585102502766556
70	155	174	-9.895193579310781
2	26	173	1.751687560637322
32	61	180	-4.990062776444864
5	63	80	1.836283170158314
3	79	166	9.978549581618267
42	148	176	-2.021825051925439
32	33	84	-0.5335732006865612
127	137	158	-5.305148541088467
31	51	57	-5.411108789997678
71	174	175	-1.8737423083712166
78	117	193	-1.5637176384645706
15	51	144	-2.7670181366415836
77	81	101	4.691316898809623
11	76	159	-0.5339560951876958
10	69	167	-7.271408091166698
7	149	174	0.8301995143548737
133	148	154	-7.381357329785687
34	108	167	6.8603627633445114
128	167	182	-5.776355608302374
2	82	99	-7.237745157887538
58	104	187	5.118725575555052
49	153	200	-8.752794940009874
21	63	113	5.530572389500026
144	164	169	-4.34833166505415
96	109	180	2.7824549179641735
112	174	197	6.1774380529539314
139	162	189	-3.4114322455037227
53	98	161	5.120534386737432
20	64	181	6.621527994823545
31	86	152	3.318385914836419
28	29	144	-3.6321547069235693
108	157	197	-5.815595777033029
101	110	176	1.3413434292954136
141	193	199	-6.821372103935229
82	153	195	-6.0594031350563355
13	75	127	2.2220547127186396
72	76	83	-4.156454067456745
2	32	167	9.16457916697534
16	118	139	7.330341513307925
86	109	113	2.8687943319946303
69	127	175	8.424622904078763
64	82	117	-9.335063929278476
35	84	86	-3.6624792566688225
30	191	194	5.787136743667682
88	180	190	-5.282946831473145
52	131	150	-8.38510468536504
85	141	149	-5.399537855460075
8	48	140	-0.7419304519420074
17	38	43	2.1490752370168167
59	129	138	-6.000854098903252
80	181	184	8.389870167759351
46	75	172	8.534520675516891
6	62	181	4.687660024646334
39	72	183	-1.3233098960581557
79	106	125	2.773070479103584
75	156	187	1.9933077280607776
89	111	174	-7.4434679783272495
33	50	148	-8.181393802815505
93	97	196	0.17529929420726909
52	88	147	8.312362452933556
15	86	116	-7.575783131141702
20	153	157	4.818717497359879
81	108	125	-3.142132861042917
132	135	170	-1.5827558683162088
26	44	170	-9.489544355171432
77	173	178	1.264668701055335
44	133	149	7.527723549057093
30	68	84	-6.455596663074042
104	117	145	-1.5682486769013178
23	75	170	1.4276576664393144
108	131	154	8.222271150263612
52	151	162	1.9413911278873446
34	67	140	4.682392836637339
75	138	189	-1.9606728669480784
53	88	119	1.8383160719847709
23	123	150	5.082904584283865
3	154	165	-4.818161174271644
92	97	106	9.694279601740437
25	126	147	7.0369572324154
13	70	128	7.209875240803033
80	157	175	4.823487251130349
163	165	187	7.49945329089228
171	189	192	-9.717149889584265
26	53	87	9.58339449572998
17	45	55	-4.428699329774
42	71	148	7.380637184005
29	104	144	-2.6391282030852974
63	113	147	-5.963066164135935
77	175	199	6.794709874885822
4	44	79	-2.779730635983892
79	144	176	-5.3917492221328
16	99	147	-8.878239137560906
151	163	184	2.7116410915581888
30	110	152	-3.0601101894010867
12	52	77	7.707791885268943
29	83	138	7.051919638506529
114	123	144	-7.288511076300777
29	148	184	-9.577684964448421
22	161	176	-8.971191890198293
108	124	135	8.041244563695706
49	110	173	-2.9214711188269966
50	156	186	-1.411769559889283
10	121	125	-7.371038270496337
81	129	144	-7.149057709740414
30	164	189	3.928125965415335
11	28	58	-9.489022471613753
44	57	90	6.8610030624249845
58	64	142	2.5165789566131753
20	34	156	9.522998038425044
3	17	190	7.2989518520125465
17	116	139	3.1233494426507207
3	152	176	-6.463745186263585
10	171	174	-5.813118695022467
72	78	176	-9.478819227766584
66	114	147	9.566864029926382
66	89	132	-1.877655125135096
20	66	87	8.178658566016086
78	107	117	-1.4713405534115136
19	63	198	9.82018045713287
51	124	191	0.39002455280265913
88	93	138	-6.841446916668392
53	125	133	-8.724631287940628
22	96	165	3.449690382928644
56	69	133	-7.2926825993072875
6	136	187	1.2508154101209978
79	107	151	-3.021194039692321
29	58	195	-4.383608926221656
88	95	142	-2.519774936595443
20	124	167	7.336664807458526
48	126	141	8.893506918133735
17	71	176	8.921615402816215
39	52	183	-1.9180390088541284
41	147	184	5.631875552502368
26	98	127	-1.1400479198413969
145	190	196	3.0760863649614762
3	88	177	-4.476112418674482
105	148	154	-5.785130190910999
48	124	160	8.120393256480437
76	97	128	-6.718921267789875
11	92	199	-5.213948532160202
64	67	173	-3.4911638282248703
101	105	134	0.8949384994121079
23	77	93	5.091791395367327
53	107	125	-2.653658623309907
8	15	32	5.170896844581552
1	45	54	-5.486125892460587
16	25	164	-5.813417376052195
55	75	200	-3.9701252963180362
38	72	115	2.3075192245479155
73	179	197	-2.823283922159183
16	151	166	4.7431054989556625
76	119	160	-2.0330007635247505
3	85	113	-7.206138773414721
17	21	56	7.845397317944233
13	106	158	4.399333949208703
30	122	198	7.7700353874926265
12	41	183	-8.05884234098384
91	101	142	-8.04547956972208
102	178	181	7.612242068677876
64	163	196	-9.076173546467828
85	92	184	-0.9519519959090044
75	80	145	-1.4889714923683677
46	148	182	-7.150635084558599
34	35	150	-9.482280039893832
155	191	200	-8.13382671240956
65	134	153	-9.488984242364522
86	106	169	-6.086780708204929
13	20	139	-2.7142058822002575
35	47	139	-6.951564638468682
70	116	149	-7.008854775062783
13	124	137	-4.571306709665084
29	63	189	-0.8121489503354358
9	20	56	4.180968801627049
-1