4 	 200 	 1000 
14	16	53	141	8.658960895555797
5	98	117	125	1.507620991943881
64	105	150	170	7.091581937442093
69	73	151	191	-4.78473243583573
175	180	185	187	7.077756733506867
58	63	69	160	2.9812644449918775
80	160	186	196	-6.176880151977522
21	38	142	167	-4.34178650028171
94	131	164	170	-5.695595787680139
12	35	60	126	-8.675143672616272
52	107	164	169	-8.55605533996421
5	36	142	147	5.100322664961382
108	129	182	200	2.348617451252222
37	102	151	158	-3.978891349702362
3	127	150	182	-6.26102416635546
32	44	59	121	-9.060469137109962
2	28	91	105	-6.6627104621281426
95	118	126	132	-0.9789821391208804
1	60	84	196	6.292512967571515
52	73	147	150	-5.687744192769706
50	97	127	149	9.229321898632296
54	57	94	182	3.5362295073387386
53	94	148	170	2.1508875995267562
7	12	162	165	-7.57895282589665
7	73	116	194	-2.600415028468694
65	119	142	154	-5.114502366598963
72	120	130	195	5.5897074242072815
9	19	39	128	-3.6925404673708666
84	130	136	157	6.611966208222491
26	157	173	195	-3.6738000324607167
25	111	137	138	2.644111459821099
11	72	110	118	-4.34045722103982
68	112	114	154	7.824350237165309
44	100	103	197	1.2035001228233728
86	120	150	197	1.994515715710337
62	82	83	161	1.2114926352265343
100	153	176	190	0.39668513855638743
25	59	106	111	8.091880689805091
6	42	48	98	3.3348522466566948
4	25	39	187	2.5704981335514088
21	27	137	192	-5.271427542114848
2	26	147	158	-2.986300677185147
134	143	179	186	-2.4471021290435235
141	151	156	162	-6.212180793483276
22	31	58	146	6.776838058127222
50	95	105	132	-5.645699335883922
13	60	93	148	-0.7050706097231245
18	29	121	173	7.510854675664678
47	111	148	192	1.659451359605292
60	74	147	185	8.140226829137301
73	93	109	157	1.2924556851700046
59	108	182	194	0.7865788710183672
44	62	136	168	6.957613531195403
48	61	93	150	4.824428015505806
35	51	173	186	6.245973849663635
18	63	70	114	-8.452220954721653
117	158	165	188	9.494529582222867
58	82	115	156	0.6873117581594173
69	140	154	156	-0.4437732811906532
24	80	81	189	-9.24785964732054
25	66	109	145	-5.204135872210922
12	88	102	158	3.0341697035365662
4	95	101	129	-3.1773071497250687
90	101	176	197	8.338337759040535
7	105	147	197	-7.854991802751094
39	88	97	161	8.114955219857343
84	88	97	132	-7.5543611272447775
31	54	71	168	5.181054281805068
56	135	144	178	4.737694870011113
10	110	123	141	-1.305312266924659
17	84	123	184	5.35102825386916
94	111	130	139	-4.221976498261588
143	145	154	157	5.486217808093921
80	85	121	129	-5.581434670109524
59	140	147	172	6.821972609965943
53	58	98	149	9.332512462800807
4	7	44	151	9.19912860103043
10	44	98	179	3.5206303635176326
146	156	175	199	2.3402211556244
41	101	144	159	-9.486218823759245
32	70	88	156	7.431101117486534
20	53	96	189	-8.750786607626857
70	99	149	161	9.942626942650683
54	116	135	151	8.863268556778973
16	44	97	105	6.446128319398305
35	56	105	129	0.25188191155555195
10	145	153	172	-6.041015521990705
14	28	93	192	-4.297030696796065
9	27	111	130	-4.542685413862875
106	135	185	196	6.371970360521601
23	135	167	178	9.504321761796714
76	80	133	138	-6.208239016437382
48	131	139	146	-0.23896362286075679
23	85	165	189	-9.935228922594327
55	58	107	149	-0.196948035616769
19	62	85	110	7.134087947102984
27	140	179	193	-5.193128141215928
128	135	141	192	4.277303039341794
7	69	107	147	7.4276583637098526
24	42	84	87	1.4167214651317224
115	116	145	146	-3.574139250511557
12	46	89	177	6.653268394362797
23	56	103	141	-6.213411100014721
81	84	106	151	-9.124977591627179
90	118	167	184	9.825302428731554
21	38	40	151	-1.864174824484671
13	163	170	179	-1.2171822446387264
17	114	132	150	3.710127643309546
29	62	128	146	9.72583410407011
6	50	80	116	-1.7980532227986536
44	49	110	151	0.5981475032059596
87	102	158	182	7.803559003305175
38	57	85	115	5.7211276747653965
81	83	101	187	6.0637507892275835
13	15	136	142	5.601936205305449
2	54	168	169	-2.2962748281514633
40	88	162	173	4.477852786364789
30	113	135	173	1.5960796074694183
14	85	92	182	-7.007998896858984
33	38	80	90	-2.6819953907620997
39	122	166	173	9.428434031600553
41	57	99	143	-4.457841816252383
69	88	121	174	-7.279566756938758
12	135	145	169	1.577025406965502
4	40	141	154	-0.768682324606413
10	129	178	187	-0.5179771170674634
4	14	110	168	-5.9163413024780915
54	56	94	141	-7.236158292247601
50	148	161	184	2.661475837981106
61	122	130	150	2.501198528729047
3	104	134	138	3.4191905034784824
57	64	94	172	-1.6676389397267393
16	29	51	191	-2.861517711630624
11	80	102	176	-9.175754710929185
25	129	135	137	-7.250036998976775
6	18	45	122	6.9484619777841345
20	48	75	169	-0.8521384425706415
24	39	122	179	-2.908992986235095
139	163	180	189	-2.092651620523842
148	159	161	166	2.5161859926966823
65	122	129	140	1.9442088116957201
7	13	134	174	-1.3117494654431603
44	72	183	185	-5.957981387311692
13	58	115	116	-9.171996667630069
19	46	78	148	-8.790093954461934
26	112	161	190	4.6144624158433505
13	71	78	164	7.991009107558398
54	87	97	154	5.677602960278437
25	26	117	149	-7.2292997895556095
62	79	160	166	9.198154271140261
2	16	21	98	5.525627486462554
102	103	171	184	2.706578207557172
71	124	135	195	-3.2576281638758804
118	158	167	173	-5.10021169235608
15	96	154	194	-8.619362901022651
16	93	108	126	5.207810382065292
3	130	136	148	-1.1152458911135206
9	46	56	101	-9.968023451125049
41	56	97	103	-6.933200926047718
116	142	150	194	-3.0075238225520966
55	129	184	196	-1.7058543258922914
45	69	131	134	-3.617777897118069
34	68	112	162	1.2384620770970685
112	160	177	184	-5.6004160472759885
51	61	94	133	3.285415649618596
14	49	54	92	5.775721675851335
25	48	98	188	-3.1037258432322457
42	89	108	192	6.189733025711313
50	73	84	120	-0.00863295004813125
89	113	125	137	-2.2000176204180333
13	45	96	97	9.202756797419205
89	111	138	163	5.296365506717615
15	136	160	188	0.9362046613715673
18	131	148	165	-8.54313289185653
31	100	139	197	-4.176186662396562
41	89	144	182	-6.946981393366718
118	119	156	175	-3.9969899890883642
50	121	184	197	-0.7562139827323264
67	132	159	196	-3.8546210628695254
14	32	87	125	8.502752319037
14	93	166	200	7.878795294387693
16	39	143	152	-3.977738523832784
99	119	135	178	4.783170224041395
15	82	134	199	-8.26582735908141
23	33	67	117	6.921071307732099
57	94	162	184	7.830142627913148
9	34	68	135	-3.295407641017696
117	139	179	188	-8.199015076521501
66	108	129	172	-3.7483605016971993
6	14	99	160	3.5925591969229327
2	50	66	135	-9.730691962086283
2	23	77	83	-6.179988585852751
3	113	123	143	-2.1082410817891546
54	114	167	198	-2.933490032581412
1	65	72	200	-1.8834055245432229
27	101	126	131	7.6626253462800875
53	67	162	178	6.984189281536295
7	95	108	126	5.549504524626361
62	75	99	105	5.363182003612737
4	104	198	199	7.7839030991986675
55	84	101	146	-6.159241980127829
130	146	168	197	-5.073875609758454
70	109	116	118	-2.8692398054332147
63	84	136	197	-8.144308705841553
14	123	169	185	-0.4264998442864041
28	41	57	158	-8.428277515261374
8	20	48	160	4.93391697615097
22	55	84	86	-6.520413230959519
87	113	177	191	-4.105574993542573
36	114	145	192	1.856146763463883
49	124	144	192	6.955244810925095
54	100	148	155	-8.727332540624877
77	104	105	199	0.8372299783922781
41	50	60	114	-1.4328433068991906
34	86	127	162	-5.928759310199931
12	36	172	178	-0.6052596384169977
38	105	145	200	4.632338797394745
13	62	68	88	7.8335058576105325
58	64	185	200	0.7238756873948304
48	92	101	182	-8.482871272427744
105	150	159	199	2.3542978955485836
84	114	159	174	-2.4489218189657365
65	124	163	172	-2.4723815640016706
27	130	149	198	-0.16013265655610098
7	51	119	127	5.360528253191511
44	127	133	166	-2.939435160076826
57	69	80	89	-6.260915602212096
66	68	139	181	6.427624530038905
20	29	98	133	-9.760433644587959
54	77	117	159	-3.287591857178249
49	118	151	162	6.775956710628147
15	27	29	91	-0.3316969491548747
92	129	153	182	-2.0057337303655736
41	81	104	182	7.713867637910386
37	53	183	196	-1.0363370910283827
2	66	68	94	9.927855595395702
1	24	90	164	-4.363135547530073
3	129	175	188	-8.832241735289879
31	33	60	163	-1.9300849248193472
33	59	110	124	2.5919802933973095
47	59	94	183	8.715080452813716
9	25	51	160	2.6039467979532755
53	81	84	157	1.2857394440379455
16	118	137	158	4.073424895691444
49	125	138	147	7.163669822487535
34	50	126	132	-0.12990570062518003
71	117	118	192	5.9090101129012
55	60	75	172	2.3344647415365465
2	29	58	183	-2.974248012236
9	58	103	192	2.029519772198489
44	100	118	183	9.542000524789419
47	81	97	157	7.559090620295187
6	36	105	140	-3.7372688101230462
16	72	104	155	9.024469324968386
14	92	164	187	-5.749965441592224
7	18	21	191	-3.0886866009430403
51	138	161	183	-8.288261897060963
56	90	169	183	0.8400765784352178
39	133	140	154	7.954180836519956
67	93	106	171	4.9543858171621995
11	35	73	197	-0.27665605934720006
1	50	121	134	-2.0063473332046726
57	87	111	152	-4.382344546493129
37	61	62	102	5.338337481703055
89	97	107	162	-4.254103340888038
36	92	103	179	9.906991481929772
12	103	176	198	-9.836601742691073
115	133	183	192	-0.6364171372375544
52	104	109	130	7.944721860036751
59	91	148	164	0.27246385784821925
9	29	128	153	7.846926046899775
10	32	153	184	3.350719602717122
63	131	184	197	6.180379749840949
48	71	123	189	-2.5904118655533352
67	81	146	175	-4.803986132632878
25	63	68	180	-2.9768002680287253
21	171	173	174	7.120629193583415
39	135	163	199	3.056146293715189
39	67	131	194	1.8150624156583124
48	64	92	191	7.381057355619223
36	56	62	64	5.915783578668474
9	18	51	84	4.303477757418024
104	114	127	198	-6.862541489765435
15	74	78	194	-9.336519116207086
9	36	58	148	7.500292225109678
59	78	141	158	1.7515084199252122
43	51	116	166	7.751467193495067
34	103	145	174	-5.822145329258066
47	100	136	190	-8.792886228885852
60	86	92	122	2.8877738718404355
119	123	152	171	-7.826885950308391
13	29	61	73	-2.2588345826674168
19	115	131	183	-3.6453939917005895
6	53	92	123	2.608561044218538
61	156	175	188	-1.0569995061333515
39	90	145	165	9.939204830209938
63	154	164	195	-5.749563225044952
67	100	131	189	3.227235230495495
13	36	66	122	-5.357985260272413
5	52	98	178	-8.969311267150928
141	144	163	173	-5.5799777952748535
76	80	162	200	7.267486437876531
12	138	160	198	8.421270857081158
78	147	148	197	5.750155325888116
2	60	63	79	-2.860017514513123
8	109	139	162	-9.029055269805193
41	61	175	189	-3.0859750575495015
117	131	166	200	0.20743623880967377
15	92	101	180	8.696121812461598
6	58	92	150	0.9475534493687583
102	121	133	180	2.293719070476188
20	99	147	165	-6.723364637668803
5	29	104	136	-2.5344374660639035
28	35	127	165	2.253675193718035
15	49	155	187	8.320773258417947
7	15	66	165	5.213885307326684
19	53	66	67	4.408238305392143
110	111	150	160	-9.112453096036731
4	94	136	198	-1.1253842900070623
66	121	160	198	-1.9131716985089433
39	113	193	199	6.188106765706689
50	56	69	92	9.986811885561963
30	48	137	163	-5.693567112140457
50	60	78	145	3.5979566195941732
34	126	138	149	-4.004173475322334
71	84	172	197	2.4414041888677733
91	101	168	189	9.497555499189346
16	27	30	33	7.9974872812971896
1	20	148	167	9.145538652069046
80	155	163	190	1.773863269085556
6	20	45	160	3.399642357600248
32	80	102	169	9.528851745742422
87	160	192	200	-6.265457856804644
16	23	33	167	5.436971258285432
11	127	159	191	-9.021309221184005
25	50	130	153	5.955727296488178
26	89	126	182	6.4239173140403345
86	120	145	154	-7.038570807233118
81	162	177	183	-2.418823509036767
37	104	170	174	1.323073940026081
39	79	140	155	-7.673441228015918
2	70	106	107	-3.678331074172574
135	136	152	155	8.104222216320519
17	44	49	172	4.984103792367636
17	51	59	110	-6.257507101752619
2	43	61	151	0.9119690623264489
26	39	167	179	0.7607621612359878
43	86	135	174	0.18206850225259963
7	94	95	154	-4.70948680220271
103	176	191	195	-9.781140573275094
61	70	108	116	-2.377816857550428
52	77	78	95	1.4592610987047934
2	22	29	164	0.5838274406357975
21	48	88	179	-8.09444653268769
46	80	99	195	-9.729284595417113
48	137	160	196	1.0493938772148503
53	60	79	88	4.221553238013708
59	132	142	153	7.032101731091743
30	48	58	66	-3.3531216392952023
25	31	131	146	-5.534918010478833
19	32	151	175	5.363335638749437
70	79	90	159	-3.5603431574310314
9	24	95	170	9.868838862451287
77	124	130	173	7.4815749531761675
69	105	148	196	-3.0202471921567042
26	51	90	100	-5.127996760779299
48	52	153	195	-6.3426180272595545
151	167	181	189	0.4482015607580063
22	88	98	104	4.214091421367595
13	96	153	179	-7.903051004968054
11	77	95	132	-2.2059779886336583
54	116	121	145	-3.1736365389945753
89	111	129	175	-9.532465777846022
13	23	162	178	-6.460979345929998
49	105	130	168	4.3820281484460395
48	86	127	147	-5.667351736291009
19	123	129	145	-4.66160373469632
121	126	153	163	-6.7542690882287
4	18	58	167	-9.453348766489169
20	37	76	144	-5.4082415202372935
18	40	104	168	-0.2665035625198957
7	37	107	165	-7.947614653098983
16	19	158	176	1.8243717530469716
54	84	90	122	-4.037304518003957
22	43	51	196	-7.7312138415758
55	65	136	144	-5.977757997943978
2	28	92	163	-8.52414205178568
61	65	96	98	-9.665057410275304
78	123	131	147	0.8143566663890489
55	126	139	159	-3.339278960987995
44	58	77	120	3.6221450582417525
12	86	123	160	-7.169820047774578
43	94	105	177	-0.4776598285721718
101	176	183	193	-2.450809046904306
45	58	109	136	-5.782288529208673
93	96	181	196	-9.966540128692795
59	105	108	147	7.410964053535093
44	64	70	75	7.732679080890733
42	68	94	116	-6.393591663087443
5	82	158	170	0.3333722638393688
38	48	50	102	-9.280741514427556
71	87	126	164	8.689605597217
2	24	88	91	-3.8917159979999427
35	110	130	157	-0.14102802003369774
96	100	118	126	2.030560760489129
6	49	70	186	0.8737869148605135
20	68	120	165	0.8408179238349351
120	124	136	150	7.869198866745137
22	61	125	157	-4.365591284405584
81	92	108	121	8.211506925584835
46	71	81	126	6.4483067288993325
16	104	106	180	-4.879969832895197
92	103	119	187	-4.210854531509223
21	29	112	132	0.1198466844069408
133	150	157	162	-9.021978118542624
123	131	171	195	2.822027453570545
38	61	97	141	-6.1938262669994115
37	99	122	170	4.892216290172966
76	152	167	190	-2.742853126457307
56	89	97	182	-9.386028167191762
51	79	166	178	1.7169959925869716
33	56	113	159	-6.603862501750461
13	71	83	86	0.5718857412405498
23	45	98	149	7.223758394314853
103	128	166	174	-5.478130598898403
4	130	161	196	5.385879798646025
5	21	32	131	1.7875634463044925
22	90	149	198	8.836481215154556
38	63	146	153	-3.329278069622436
111	118	145	164	-8.353142547182344
77	95	104	113	-7.2887406686356515
76	181	188	192	3.064557459885375
64	91	151	172	2.9525973933589356
1	29	43	149	8.123082072972426
32	46	141	145	7.399134729778581
40	65	72	119	-3.12695997168964
11	97	161	166	-0.17382501716697085
26	55	155	159	-3.589506187586764
3	7	38	74	5.9580041996496576
23	33	126	149	8.825358213542923
10	68	90	93	4.428580045658588
55	129	149	183	6.068698927446487
26	38	69	134	1.1094469602646306
11	37	101	108	3.021282424414961
33	44	103	142	-4.863282772162942
86	121	147	199	3.3161446425879397
47	74	135	194	7.670978542372712
32	53	62	177	-4.949995098877837
87	175	179	185	3.747797457395194
22	45	50	176	-0.40809084641506566
41	43	158	185	-3.5961847809373086
10	43	62	187	-9.629024969425881
46	109	140	173	-6.330303415484087
11	36	78	169	5.976336076725133
11	13	61	159	4.933508219555042
30	85	89	124	2.5833109988213288
63	169	174	180	-6.876880884946887
30	87	131	174	-4.242394132795148
15	130	147	174	-8.095168866858579
112	153	181	185	-3.647888969275373
62	99	118	174	-1.105566519877577
88	115	158	189	7.490343202319245
22	74	104	150	-3.6973100503640026
14	56	70	157	-0.23853099842472858
20	35	86	146	9.969050350417316
55	78	156	198	-1.6926870921579749
63	77	94	190	9.150792583068675
3	13	16	91	-4.274700096309269
13	103	136	165	5.279205449844866
95	178	193	197	4.866440040653458
6	82	90	198	1.902825543634739
27	33	80	85	-2.042521100214076
107	161	167	191	-3.27312687079597
45	121	125	163	-7.082607932568806
38	115	121	126	-4.162480180559369
43	80	85	144	-1.7326165721625308
111	169	180	189	-9.342277232416665
43	77	105	140	-4.837929809323205
16	81	108	183	-3.7735426533015275
49	88	122	197	-6.067771806869038
58	106	112	176	9.604120302900178
9	49	73	163	8.736221015053456
128	178	182	183	-5.387004394875003
10	26	31	66	-8.464449143035726
48	73	109	149	4.762815154436222
29	73	132	149	-6.387577842321857
21	59	66	124	-4.984339351059899
13	42	109	159	3.2033327880682094
84	104	129	189	-9.662475837350343
18	31	47	120	3.9704022046179013
19	87	101	159	7.091463576500509
129	140	168	192	7.016576528116495
49	153	175	189	8.229298125084398
81	86	153	176	-5.133368972285812
94	95	123	185	-0.8059495729589585
37	76	89	106	3.810183798976528
51	105	113	159	-0.34376563783146175
8	45	132	152	5.434632121531003
30	123	130	131	5.927533865694439
25	28	141	195	3.784104359027861
26	71	116	147	-4.922037672146589
120	127	163	176	-0.37782254007756855
71	98	137	186	9.746927074174046
43	44	160	164	-2.7390484206490644
13	49	127	148	7.2911178047924
47	51	123	185	0.31367501201558845
74	114	186	196	-7.349144367309122
11	50	61	138	3.215483186659519
43	83	116	196	-4.39870944082233
44	61	117	166	7.31454213109695
46	83	103	173	-2.952940356334328
33	156	158	171	-2.3033358883428257
23	93	101	118	-1.4739834562671472
44	78	161	164	6.879053471728685
38	69	141	174	-7.112969946025343
12	28	32	87	5.777149258863227
116	123	140	184	1.874493901468048
20	30	94	148	-0.27090221450636065
39	128	138	150	9.309174888985108
25	81	87	189	-1.4975280974585825
33	55	149	157	5.948326568202161
27	73	123	127	-3.6425347455964774
16	37	56	111	5.586207554331708
11	115	117	133	8.5400920531387
24	166	194	198	-3.1197925469758907
25	37	75	166	-8.72691793774692
72	130	131	166	-4.917894013545963
7	93	115	139	-7.593734323093417
16	68	125	174	9.44435888528005
19	59	68	189	7.992024244700037
15	99	138	169	5.224216110335417
17	42	111	125	6.101427853713602
8	84	154	165	-9.130901214466107
38	115	133	148	-5.820060528429383
25	53	105	108	-5.112090229017847
76	97	165	175	0.8881251417262597
8	43	45	153	-2.225486298170239
59	131	140	149	4.699682072078673
68	86	97	138	-0.9457571278893511
65	101	112	134	-0.7035912830470625
24	70	103	173	-1.7088155674620928
25	34	36	114	7.73503588281654
70	118	130	148	-7.474530841189406
11	53	100	137	-6.5146601257924726
4	12	17	160	-4.43537348261361
28	70	110	150	3.932149381726715
3	13	21	123	6.376462257612758
69	78	113	139	-5.596576291295157
59	128	155	168	-2.616571450641773
7	22	94	166	-9.140815849087012
15	24	50	190	-3.855553673110556
13	39	99	104	-9.693007568712328
6	13	26	75	6.887239773144813
13	29	47	65	2.9935740944166422
67	82	116	124	1.4029351634053953
12	34	161	169	8.581529043555754
18	33	43	114	-6.960314875063385
34	115	142	164	3.0579388110231864
37	41	42	178	-4.312371108898065
1	65	153	190	3.469383932370878
4	36	48	105	0.9282480787965035
18	189	192	200	9.812168795011164
114	124	177	184	7.891597028750233
23	86	163	165	1.1855055836559796
36	95	128	180	-4.412733579296837
10	22	92	129	-6.791165612667545
25	73	77	162	-2.533111487114999
32	78	132	167	-7.588207097391761
6	37	114	125	-4.613428538692181
59	139	167	178	-1.1312549627726103
25	32	79	120	9.255479578403268
4	8	40	188	5.673758500759288
77	104	146	187	5.792091064111229
13	27	32	66	-9.4254249159935
94	165	190	194	4.116690333343172
48	87	173	189	-5.118594759647655
44	47	103	140	-8.350822015396197
8	74	141	154	0.27848678377932323
8	39	64	108	9.475870227560527
83	108	156	195	-6.517855324705073
25	45	176	185	-8.265324414186752
80	125	156	193	-4.116941568423389
60	81	106	130	2.320201170954604
4	20	65	68	9.29555795213846
87	96	138	149	-5.685949881729462
96	100	121	147	-6.626987108019636
99	103	108	152	-0.9410877777373514
5	24	120	142	2.055004432853627
79	151	171	196	1.488202289473632
40	59	60	151	-9.578664935648074
85	106	186	200	-9.29252317401855
53	80	120	179	-6.169349838959919
5	12	56	125	8.32838695406074
12	69	159	195	-2.028645635064805
16	89	107	163	-8.26028960070925
6	7	67	78	-1.8095808247481635
71	73	130	161	8.486106346993765
6	12	17	135	-1.2390984860196994
61	75	96	98	-2.621220922111034
21	101	139	187	-2.554124574429939
55	125	137	161	-6.5121341970294395
84	124	150	181	3.9043880476336668
37	63	112	117	0.10707745926923984
17	49	121	172	-8.67420969193102
121	136	138	156	5.831490108296304
73	132	163	169	7.297538283603245
31	53	139	168	-1.5042406959260717
16	107	145	197	-5.539896212892723
45	55	138	168	-4.836006597661582
16	51	83	194	-2.551828660118465
17	25	47	123	9.479427211229549
48	66	70	181	6.212686540599872
52	82	98	145	-0.3387546510746713
7	56	128	170	8.674077283688277
31	106	184	189	5.384761398404208
32	107	123	169	-7.463434237720223
64	65	147	164	-3.9072149384277166
9	53	65	199	-3.901795854264078
23	53	131	150	0.13727363555075378
18	25	135	200	9.949542178570987
25	52	79	166	1.9854181059961924
37	76	150	151	-4.117363955185446
3	93	94	139	5.37779991276321
70	121	146	167	-8.872309474506983
15	121	143	161	-3.875314474065532
109	114	144	162	-8.167638623266878
27	42	93	130	0.46872232366889754
50	121	144	176	1.594431147745528
81	143	174	196	-9.292376661115673
28	69	86	130	8.147593677098623
25	109	144	173	4.611369768289835
35	114	121	133	0.025535277829400016
2	117	141	154	0.4384038061445583
3	64	68	77	-8.284376662578666
41	62	103	167	9.089156404838825
69	117	138	162	1.275970011298881
26	53	60	116	-3.4820314067400933
29	62	76	118	-9.114463527705485
31	62	71	178	-7.711967341310075
81	111	171	187	4.084677647560621
5	94	154	198	-5.851420845099238
37	54	117	124	-5.330889252868585
68	101	178	190	4.246115378531831
38	95	133	135	-3.3048583350676335
38	46	75	157	2.4702050945932577
12	29	59	112	-9.23046014012288
62	106	181	190	-7.94371605087653
4	40	115	140	-1.580075994664078
85	101	153	170	3.48347024790397
1	6	149	186	-1.1939230603933737
42	66	69	136	0.971002411926392
10	68	115	187	4.753090032722106
4	16	111	173	-6.481383508184684
55	110	120	136	3.2087253176464596
76	117	162	177	-3.7308001411458713
38	140	166	180	5.5064291692027005
8	30	45	142	6.157315991722289
3	68	78	194	3.908797043912543
4	23	81	185	7.924239964299275
5	29	33	123	4.033408178719087
91	122	128	148	8.583142270553235
40	85	125	180	6.496569701434428
65	96	173	179	6.466853711072183
52	56	64	164	7.569356651732299
11	38	47	93	-9.59162342003121
8	53	149	175	-4.122025172666424
39	79	172	179	4.822287487955087
39	49	97	195	-4.928406877424112
39	84	128	199	-0.876679154793008
23	86	98	154	5.968788471476927
19	44	108	140	-3.3282109642019257
1	43	163	197	-1.2346643536716702
38	43	94	182	2.99680021605538
57	93	106	173	-9.01997448670411
84	95	135	145	-9.870425832989966
3	163	184	197	8.895876291160342
106	118	127	187	-0.40878403785314177
6	11	138	177	-2.4910991807141913
22	40	44	104	-1.1306849787188114
29	128	129	180	-7.6182680869726305
37	94	125	144	-0.7546533194119895
8	59	61	129	-2.6475731310772677
32	56	59	167	-9.875544423497098
6	146	166	196	0.7735246993951392
23	29	84	173	4.548247674479143
21	52	62	188	0.2830040277309749
54	95	153	193	6.112460552382622
63	67	96	200	6.92629632238231
24	43	97	130	-9.605845267612324
24	39	109	200	5.856521512791497
21	121	139	169	-5.687369553997772
23	46	73	195	-5.203453301361067
24	48	133	182	2.6560562931255305
43	85	90	175	-1.9511985754356296
4	51	139	176	-9.7175503744945
36	45	101	177	-9.203959919798812
18	88	125	194	2.280671991789154
99	138	157	160	6.433302946438655
89	119	143	197	-5.582714639168667
4	13	19	95	-4.146108960603472
19	99	113	118	9.130545309095709
1	44	138	175	-1.7415689911358623
3	33	129	190	8.086580771567846
7	159	164	169	-5.719273589283467
28	112	120	180	3.7603045676199454
9	25	47	86	8.61166763216756
1	132	152	187	8.415584363728879
96	163	168	176	7.940587591903444
32	33	39	48	-0.634567974289947
27	98	101	178	1.6971574338995303
21	33	95	178	6.11489923009422
2	37	65	188	-0.005284526838881476
11	31	39	143	9.63826219922117
9	37	50	194	-6.835124173197606
27	77	127	170	-8.920625226106155
44	166	188	198	5.6574531287373535
100	113	129	183	4.570876460072492
109	169	171	190	-8.636808711874062
42	44	53	101	8.586808789177574
26	75	140	156	-8.838792456073172
7	52	56	70	-0.24069874463787677
17	48	59	132	-8.998382837331441
101	117	128	129	-7.881545446987211
22	131	157	183	7.407044484215287
110	156	169	171	-2.540009118891346
127	142	158	200	1.8101617356224597
17	27	132	161	-2.5939746397924885
16	48	94	197	-1.5935595358841432
7	65	112	180	-4.571421796065136
45	109	115	191	6.876227593936161
28	32	132	197	3.8279766373203437
57	87	112	199	-6.122286546127398
42	44	67	138	5.502105461277026
13	54	101	197	3.04125021178724
10	41	64	135	-6.4752523074163655
18	85	96	129	-5.732965026649815
27	38	66	175	1.5987278870734336
87	119	158	183	-5.8248373476450706
65	133	149	158	-9.741677936573613
23	32	107	183	4.604347905928012
10	52	54	161	-1.1776964912989403
51	73	161	178	-5.137007907332158
43	52	79	123	-1.094252292327969
16	39	44	183	-0.6723601747012076
44	45	109	198	0.747741541708546
75	85	127	155	8.815752844553366
13	45	95	186	-2.393636979000524
17	30	107	152	-1.8195114198116862
94	127	164	197	-9.278055935918832
4	32	56	183	2.689758856170741
68	83	118	119	2.0762086538222952
129	134	161	176	3.7377908025338797
4	104	155	170	-1.8467649205837606
23	150	190	192	3.9328232341009155
87	126	134	138	1.9976660069266234
65	92	182	187	-3.6388073593731907
107	120	130	146	7.864520417082812
25	56	134	199	0.6028582413299013
19	21	45	100	-9.702167130429144
70	92	93	197	6.981901249322231
4	81	101	133	3.6693718609435226
5	44	189	194	7.7053612518825005
58	95	163	192	3.371481374637078
73	152	164	187	-8.421820002920281
74	106	150	200	-1.1071827887258934
49	86	107	177	8.586751069252724
73	118	155	181	-5.828913447796045
18	58	129	196	3.011833247525308
74	122	194	196	-8.74398766979473
82	88	169	173	-0.4620390173140869
7	24	50	168	4.081320395084738
63	109	116	149	-2.307905337578779
96	100	112	192	-7.49287284023297
48	52	165	177	-4.522737456968462
54	59	126	195	-9.77016814154631
26	98	99	190	8.161991113151942
14	67	88	105	-7.9295223698991535
48	60	77	101	-3.878291903226545
67	109	126	194	1.3826630273429394
73	114	126	139	3.0243281097084562
60	64	115	119	-1.0071265312671507
53	108	171	181	2.613178793514626
31	49	91	139	7.292066621447045
98	100	112	131	-3.2862234292701453
113	174	178	192	6.1315369266617665
40	91	169	181	-0.6106636935675791
122	150	167	173	4.409742243456536
3	8	196	199	4.757642724631443
68	87	136	170	-3.3111113933457776
31	89	150	168	5.50870931014375
9	14	129	156	2.8405612503583235
51	60	163	172	-2.9300932886394797
85	154	174	183	0.6110266074377524
27	46	83	138	-7.301964456874894
83	98	102	116	-3.3602132692292823
58	119	189	200	-0.10820556606349463
55	80	153	173	-9.107908411736233
92	112	136	143	-0.993141961332018
10	13	92	162	1.7243393281547519
24	71	145	191	-1.5611494943739768
82	87	189	197	-3.392029189442402
1	12	47	198	-0.9667320359160758
118	171	175	183	-8.931328114142135
71	96	153	173	9.488343556780539
3	139	158	168	0.12902559551265824
4	13	188	199	3.092053568029341
45	52	79	138	-8.884108421555378
24	33	83	100	9.359218038188132
38	51	174	184	-5.955821092549591
74	97	102	157	-9.039569849691244
25	35	36	124	-9.413310622568032
159	172	185	192	-3.5623659150532028
114	132	171	194	-4.147683093086645
7	71	169	178	9.46088740145456
121	154	184	197	-0.1827833093681086
86	119	125	145	-7.002821523098963
20	61	148	200	5.086318755614981
26	49	79	150	-0.12000578774938653
23	24	79	156	9.747277246751533
13	16	42	199	-9.389353489392908
62	74	112	145	-2.473958598318948
5	82	143	166	0.6219611828081657
119	121	124	181	-1.1290999864922586
7	17	31	41	2.728392257708972
8	21	47	82	-9.233607843853557
27	33	96	109	-6.484346630362571
18	41	105	177	8.678982122409131
16	17	164	182	6.9516705759752675
24	92	142	198	-5.819330138606322
20	42	90	134	4.74664069721779
17	51	62	153	-0.10983783184540918
52	64	106	136	6.442614011086569
3	51	79	113	3.4082951801050587
27	50	57	137	7.9298232008028435
99	110	141	161	-7.496737204250601
100	148	166	169	1.1738133095953138
70	75	120	170	0.804056425489323
110	112	128	173	-8.519526078034279
91	112	149	169	-6.310968396665548
42	101	122	143	4.855608194764828
2	28	142	156	2.0898722524199
10	73	82	157	7.936119686525629
27	36	153	173	7.536921659555311
16	27	63	98	2.5158235656527683
73	130	151	180	5.377739987715254
5	24	72	127	2.148758303324822
7	61	143	165	-9.427472850053826
23	111	167	177	-4.936078354358013
26	158	171	183	6.756697337797938
138	168	174	198	4.001756793854764
41	75	79	189	-3.006533678951735
30	94	192	196	1.7174429548413848
117	136	140	185	0.30113622128680717
36	76	107	127	-7.002286442647279
47	95	116	144	-7.333239954015416
18	62	67	162	-1.030143064019617
27	143	180	187	-3.6628265093801033
6	61	131	175	3.8774705329512003
14	58	104	185	-8.036695707727766
56	110	137	142	7.864969001660079
61	92	114	146	4.575486178005363
41	132	133	149	-0.9935770278892075
52	93	105	144	2.973501121654783
28	38	68	176	2.0361825990195612
10	46	61	118	-9.269710773847548
39	50	70	129	-1.596795912730526
94	108	111	186	4.090042612812134
37	113	114	136	-7.1946157027335715
26	61	95	136	5.9543334142126945
37	51	81	101	8.77454561407853
24	61	141	184	7.388899770865574
46	62	136	171	-7.895209325958308
2	46	125	167	2.7243569146750346
9	72	107	114	6.007097742133691
25	38	93	114	0.9146206274596285
99	136	161	200	3.1016515098007744
2	37	54	101	1.595085989719081
52	80	81	191	6.934959327118097
3	32	73	170	-6.459074153206659
17	55	73	96	-0.47522251859670206
23	26	28	184	3.2795685925541633
39	47	163	199	-3.8292164891745912
53	82	122	193	4.2481652850827665
40	52	119	142	-0.86369103631686
123	154	170	179	7.288790739852825
13	44	73	81	4.845465379132776
57	71	116	189	-9.901612077884705
10	110	130	172	-0.20007477073855284
9	79	97	115	-5.005079195398556
53	105	152	185	-1.9244753124209346
13	184	189	198	-2.4980321855342584
42	68	75	143	-6.854513989870541
106	152	154	197	0.18449873998437738
1	34	46	162	7.096055965322236
26	35	64	185	0.6060477501433965
60	71	75	79	-7.516591767212031
7	17	145	168	7.549196900124954
12	31	86	147	3.7608093224776624
37	81	111	139	9.949312936203082
3	48	86	128	-5.902186861658212
45	62	82	116	-5.970903432409136
20	37	113	133	0.12496077992801702
1	27	62	188	6.041866072562623
25	27	72	181	-9.6051325918119
5	94	124	177	7.599938624234415
5	60	80	192	-0.4148290703288726
28	31	83	115	2.1847228129683636
49	172	173	180	5.2352080179374845
55	73	129	151	-3.5253410461560764
1	91	131	187	8.578660099077393
3	38	101	158	9.536969244389098
36	136	194	199	-3.3341558233202617
53	64	146	183	8.583738615394374
54	167	182	194	1.4153546322954824
15	102	130	143	-4.843906796078372
27	35	44	65	-0.30609019016187844
4	48	58	72	-7.2405945700064045
28	63	121	189	-9.878607722873804
24	91	155	192	0.9100198341623091
7	101	179	197	6.338972946209385
31	37	73	170	3.615038496169568
80	91	100	167	-8.442050125912182
2	49	112	141	-0.7714336581117092
52	60	92	174	0.4793249861603339
39	75	139	176	2.6538781136112615
18	101	103	108	4.05882246944341
59	96	136	154	0.33034876995678353
9	39	144	197	-3.631167354485605
13	37	133	145	7.254999637421733
58	71	80	195	3.4419221938542464
89	125	178	198	-8.85149714649996
81	162	165	182	7.476766408474834
22	75	77	144	-3.799136236820413
64	104	109	185	-0.2759351352252608
8	33	67	200	-0.23756770168640173
86	139	176	195	5.843836570468401
74	82	135	186	-7.30144605968039
108	136	146	160	-9.315963951877645
46	63	67	186	3.324010322317852
48	90	100	112	4.188629483015715
27	90	152	200	-1.9759569689079743
3	113	119	139	-3.719345874319102
1	116	127	137	5.683976132392857
18	29	73	192	2.0400402023112107
138	149	187	191	4.7260130577893555
12	70	93	169	2.8273443453678464
96	102	143	192	-4.2798091663556415
10	65	105	171	-3.428109749668529
9	115	179	185	3.1068217192503518
72	78	117	129	6.591660553064372
120	154	161	191	6.439760261394028
14	39	93	128	-9.659294852318006
22	109	155	197	-5.8746628709295345
48	52	65	99	5.54957587916854
27	107	185	187	-7.68836589659071
23	32	73	103	-3.5766378059570396
3	48	152	178	-8.2481156787839
59	95	169	191	-5.816956792484018
75	86	121	196	7.798872089648544
1	8	12	139	9.289217853809962
22	115	129	170	-8.961964478896201
24	54	112	128	-9.62874588950783
61	100	107	158	-4.280546091373152
15	54	83	122	2.6674990959335787
77	86	126	200	-5.410046214549347
22	57	126	184	-3.9518036523746236
31	56	99	127	9.742672434543916
5	35	163	193	-2.802941367799116
85	95	134	163	-0.3757406353235133
48	59	113	180	-9.71895455867254
38	117	125	173	-7.873001898295895
63	91	111	128	-9.789306592043033
4	89	116	189	7.307081137349886
4	19	121	178	-5.687983424080891
52	120	144	167	-6.041116090621495
56	126	155	185	0.9144458857661704
4	14	27	105	-5.791068358897615
52	119	154	179	-1.7346172449846708
96	158	188	189	8.092486504552753
36	58	174	200	6.28465343771143
16	85	173	193	-1.1674118394876452
20	62	118	125	-6.37405376249506
81	89	112	156	-8.918155455953407
1	46	52	155	0.3623545811151594
37	157	171	200	5.556408645789418
4	53	56	184	6.85914307639548
34	88	148	191	-8.206549967906575
29	119	126	167	4.831864370461975
19	78	103	135	6.12352378049253
3	17	24	58	7.184939220745608
3	56	135	148	3.3312647487032887
87	108	141	187	-9.71697922577917
7	45	107	200	-8.22994182522034
36	54	64	186	5.3021667270692685
75	156	172	192	4.548277611594781
1	57	66	200	0.008380944412532898
37	43	45	46	-8.179225415043266
46	56	71	140	-4.217887726607959
53	94	189	193	3.2570913185072943
91	109	147	176	1.2730292472840876
-1