3 	 200 	 400 
134	183	197	0.9718228108066658
6	55	86	-6.556210196385132
78	117	163	-2.693700381796303
94	141	186	8.036095730855518
43	61	149	-9.715459934515017
19	118	197	-1.0130181235946765
99	116	170	5.960073723170288
70	79	193	-9.435124718039225
31	52	104	6.947054350058416
52	58	64	-6.698062151237165
37	70	137	-2.2674356042907444
99	125	153	3.5592185487756396
40	126	185	3.095933697014244
112	118	191	-1.5794880505101432
45	157	186	6.92567735921012
76	104	146	-9.685750410717791
125	138	167	-7.968912724142734
74	172	190	2.0217166139266673
19	31	42	-0.644371042225595
10	101	102	8.383071571091453
26	67	153	9.744771693696268
28	117	182	8.627831819951975
49	63	72	5.182410372741666
84	108	198	-9.816073462750852
41	113	181	2.4247465060908286
32	55	183	6.962692392137491
47	120	149	2.701290254466393
17	62	70	1.3423735427202281
16	35	185	8.82427774526025
8	60	176	8.053987774356944
16	112	132	9.522520350853448
66	86	167	-0.09077438968588858
89	104	145	-5.412190434226504
76	152	182	-7.578797992840345
132	160	185	-5.368449285899278
42	133	197	6.117255365764326
1	55	126	-0.9690769673185162
25	53	190	-1.5691539610194187
23	126	136	-7.1911390380394185
93	144	161	-8.716752397549104
7	52	127	-6.685958715180789
50	51	166	-8.992612061799175
26	156	191	-1.579250555895186
114	153	163	2.8519476273788342
25	60	178	-3.210278743422652
52	60	80	-9.998969495048268
103	118	153	-9.426201702725368
45	111	163	4.467769123769855
69	74	162	1.8725293446348523
50	161	164	-7.612949630196317
106	132	181	8.913186994396433
44	95	117	2.6939879591295917
47	94	187	5.618752999857005
27	93	159	2.505872461599182
20	124	195	-7.963666178248219
6	126	167	-8.614607827278409
66	151	196	-5.848562188720175
44	88	99	-3.002444697030917
99	111	186	1.417031931109582
58	75	132	9.462806302275592
64	66	129	-8.021501936241739
85	158	185	5.690892802464312
96	175	195	5.827400155548087
10	119	143	-4.324339055912684
95	146	191	-0.6089908929571752
61	86	178	7.594796027825943
1	109	145	-9.89404921938954
26	53	140	-0.5137695400658178
34	66	130	-7.273629000289683
75	146	196	-5.098391405408407
29	136	158	-2.92418104276355
165	179	197	9.185689771737408
52	90	106	8.81791122886678
84	144	185	9.785077809149524
30	76	94	-3.0993033293151573
82	121	142	8.387014409753064
110	111	192	-7.087105829670302
109	133	160	0.6478955445224539
81	185	199	9.158598021845908
99	108	161	-8.101528167035601
15	56	145	-9.290603172150416
22	101	200	3.1325184195553817
43	112	141	-5.630041769702057
13	139	176	-4.713341596250887
85	134	148	-1.5421317908918617
32	97	98	-7.031678805253014
23	150	156	6.776781554587863
75	154	185	0.018734867115162146
10	25	191	-5.85785835705069
22	30	81	-8.128015125015711
16	85	114	-9.962734284236818
58	122	138	-5.54268969449496
8	142	194	-4.006630604641721
5	49	175	-2.542746283657058
112	119	188	-3.3499904526206414
41	136	142	1.306346580094468
101	178	195	-5.250963529401922
14	74	123	9.23484027686063
47	181	199	-4.35528925294536
14	162	199	-1.1416953282461613
119	151	175	-3.244706001623319
21	149	179	-8.364729296777327
5	78	152	-5.515809011807131
29	119	160	1.1821462598602999
30	92	170	-6.810370516315656
25	26	144	-1.9212559077871472
30	57	88	7.239181202393613
162	184	185	4.999343366850082
17	18	160	4.99810314042068
113	127	129	-8.377067098136202
57	152	194	3.104136181127643
4	157	160	9.612989444642825
90	111	178	-2.2327680373514873
148	162	180	2.27871653924322
141	182	196	-3.579828264463316
13	36	105	8.259788237905099
13	141	169	-5.66051460203467
16	48	112	4.126774985586346
21	168	187	8.0072266700877
42	76	177	-0.25844637149461214
115	117	158	3.9178578930024326
63	85	119	1.9116582436906366
109	118	200	5.791870323519596
42	101	130	1.6849008759176503
21	24	64	7.842110405344091
116	131	148	-7.011379559419575
90	96	167	0.9876544363594348
55	63	124	7.724456725003101
32	183	190	-8.25151843102357
21	52	78	-1.6939687897864282
61	102	115	-8.619053604503154
87	162	189	-3.6373739593861254
8	9	14	-3.89456932122682
103	143	144	7.862017800623406
63	125	142	1.3003037638335417
14	131	137	-0.8459733897631203
15	58	64	-0.2634524725054348
111	181	194	6.497926643055287
33	63	128	9.257749185431852
33	115	150	-9.176656193857777
111	113	132	0.36544214891763716
40	69	195	2.0991241583910103
82	128	163	-6.11435968622237
38	126	181	9.471687003449006
21	126	179	7.500558813186014
102	153	181	-7.111332709378204
72	125	134	3.944044851938509
50	88	127	-2.161132183014818
20	121	196	3.6757090441283395
158	186	197	5.866084356751939
29	45	185	5.366947591507207
84	149	181	2.060472742913742
86	115	131	0.23166542744539953
17	35	193	-0.42677132911059346
34	101	115	3.1380236343439467
2	67	121	6.73794260358666
131	167	200	-6.773148207977064
62	140	200	0.8521189677829994
17	158	198	-3.0869082280681592
48	115	174	9.168215202183866
92	164	197	5.386451456782472
83	117	139	-2.433415437657298
25	136	155	2.2690839752616974
52	72	93	0.7409870215887295
4	68	139	4.355668451697657
28	110	124	-4.035607305536006
32	195	199	-6.058240177986893
66	93	110	9.806135548629609
26	82	118	2.421755099206276
61	144	194	7.841484014910215
25	58	107	-9.996412206151719
134	154	162	8.955226066504409
81	113	125	9.057347633649723
22	44	91	-0.5135374566019308
25	63	141	3.4659983772754916
94	126	192	-4.253111859876981
34	43	122	-9.300983647271188
11	33	115	9.8062542395942
7	152	166	1.5782959379859847
99	165	171	-2.99619051495349
67	99	137	6.4552999403041476
118	122	158	4.143347267672471
21	139	155	-0.3612414207504564
20	117	118	1.824554203700199
45	63	76	-9.546439418285166
34	84	94	-2.057166579159495
16	74	77	7.921132111659887
34	90	174	0.3252131852887157
34	109	141	7.297236138139482
108	149	173	-7.261133250667012
69	109	116	-2.6398955157265185
8	56	151	-3.548734023072157
61	66	190	-7.205502226793856
6	126	140	-0.20453071722609018
49	139	171	9.59804611449443
153	173	193	2.864582947858402
96	140	150	-0.2265544007678315
7	24	187	8.824040828042147
20	106	177	8.207807552141169
80	105	118	4.307206026037543
15	128	151	5.5121736885544
23	61	115	-8.335542169642846
78	95	197	3.6798282739372183
11	166	177	-7.932384763785465
62	122	171	-3.206876365988811
57	81	155	6.036668011684231
33	65	175	5.384585412744084
39	95	186	-2.619567130247866
59	82	131	1.2799972747464405
4	71	105	5.495123940862028
12	35	114	-8.216014472190366
64	179	185	0.3514767721488816
43	81	193	7.346577108216501
105	142	157	-4.19373169016324
113	168	170	-0.802661623306296
53	97	199	-9.583934636720713
138	168	190	-5.094870166412672
91	93	196	9.415321820656661
6	32	133	7.0532858594815515
45	152	166	3.3356737811816988
26	45	185	-7.58943492623793
52	77	167	-6.640140637274879
18	58	134	-1.2828024110250382
32	39	104	9.956062246910648
26	115	135	0.1865126721296857
35	42	177	-9.796112826031676
45	66	191	-2.3183157592203907
9	19	115	7.217808184411663
4	65	81	-2.5663398894973692
27	84	97	7.945228113007911
30	36	37	4.5568838362518544
5	177	197	-3.751944242706788
7	13	40	9.980618759090536
67	95	182	3.606490854952673
81	186	191	5.163268740661881
11	39	166	9.340415877862707
38	193	198	-0.45516012833078
55	70	193	0.7563901874193242
101	102	112	2.8551306269613956
86	98	108	3.8050824534807717
41	50	89	-9.330947892814457
101	174	186	5.020364317756307
105	106	155	-0.21312816109659494
101	132	183	8.210624127466769
17	41	138	-5.729296061039002
49	113	137	-3.267081795365505
26	106	152	-4.10212676498719
7	47	64	7.298404960145167
38	90	102	-5.414543251249013
78	121	195	-4.537244558093283
56	99	126	1.9668541994107152
15	60	138	4.778039720267772
10	19	61	-5.3363200013772305
85	121	165	7.04709026556403
94	120	161	-2.462544714998554
4	64	112	3.343405697909965
8	87	147	6.362698990269227
12	28	169	-4.9387926664678305
2	73	122	-5.224042694169821
49	113	129	4.18870771688697
15	38	85	8.400235911192041
47	153	155	-4.830078328242198
43	139	189	-5.6304549352278865
35	123	126	2.229119607121664
53	133	173	0.34505819677197636
38	72	198	-1.5984110556713844
76	116	126	-3.369607944712687
79	104	107	-5.32247775631218
20	96	120	0.654315770759963
24	41	92	5.319249852953163
8	149	169	4.283456034812891
28	70	158	6.050822608995862
29	69	86	-9.91268308453295
78	160	174	2.4158709847982998
10	17	125	-8.071215097873111
67	122	179	-6.550802623614647
15	20	34	-0.7594312412885458
53	103	108	-8.428765490484265
69	148	173	4.381980022491007
76	126	167	0.803558574036483
55	99	197	8.209441747152333
36	142	171	2.6533581196507114
15	175	194	-5.532370882778713
95	139	199	-0.9761509094444705
32	61	81	7.25836404461154
44	137	169	-7.912554846949442
22	37	124	2.5156753636465155
55	62	102	0.07226618745965574
101	107	113	0.6808073829752956
55	90	98	-1.8647238069002707
92	100	137	0.38938136187029393
43	69	74	-4.8211575198640455
8	140	187	5.206396756931985
47	91	150	8.003897712377167
102	123	184	-8.872444811387032
59	113	186	0.2883833592711724
10	19	140	-9.766093519823812
30	134	165	-1.8810677588392082
4	170	200	3.6635202953602874
28	103	145	2.406321860495332
32	130	167	-1.980232880165861
144	151	162	2.439884557115107
52	78	186	-2.25881960560473
11	43	140	-2.185925718546084
58	73	112	3.8412954522792937
33	154	190	-5.838006438585282
109	184	187	6.837951680510798
123	147	170	6.8728441958296145
67	128	169	6.408740415421882
28	43	74	9.153848478884832
29	40	169	3.8524991340743
30	108	143	-7.976365115075765
72	92	140	1.971536946139734
42	94	172	-6.085369894946922
6	132	144	7.025177814209947
84	91	157	7.574674654652927
2	39	40	5.947154819050036
2	122	134	8.378365053299877
45	131	157	1.0297172397361294
160	167	190	-6.3403032293207895
36	104	110	7.17005628231324
12	59	80	9.259928865431611
35	45	82	-0.588251942237326
16	31	148	-9.671778861488168
33	42	126	4.175696561720404
16	77	138	-5.558814901394191
113	120	191	-7.8971981736634405
111	137	148	-1.486079026406042
59	113	139	-7.333659438180566
83	134	184	-0.6341296936359555
67	114	135	-4.909274750456114
131	155	189	-5.735194747663044
55	119	174	-8.495275501683876
81	87	172	7.9294288454015245
65	139	159	-5.664070055464752
23	80	193	6.85039635670816
14	124	138	6.417427249577006
84	164	189	7.737633116701943
42	171	182	9.59435729553427
37	42	124	7.979187782698865
38	78	152	0.06114231881771914
25	71	107	3.7755766540938573
9	141	181	3.535774675001564
32	145	146	-0.15061740038971294
22	56	117	0.018180775454281317
34	35	161	-8.264365219309076
86	106	171	-7.97426073092703
19	143	181	6.0204350455589974
6	32	60	2.357785530861541
42	130	133	0.5512839633376352
56	88	131	3.0699613729313295
107	127	195	-7.04226633527079
43	95	146	-1.717738952425572
124	180	197	-9.534430418778403
83	175	192	-6.186513246469851
71	106	119	-8.724295400346342
89	143	175	0.8946666651642143
45	106	152	-7.836169061372111
30	40	198	-0.6711617391155862
103	127	134	2.3758779522915052
57	123	190	4.443442661123328
63	94	158	-6.371062819589861
44	60	115	8.751852987020005
72	85	177	-9.581420877988895
92	95	186	6.418501034095961
32	129	132	-8.644508978341845
62	68	92	-0.9174780981603199
14	52	125	-6.321931840614134
107	120	194	-2.180724307508717
72	123	186	6.816721633777771
47	102	174	2.0834424139176235
35	130	182	4.00103607917444
23	24	183	4.977971130710122
34	115	196	-5.9801703840097975
36	49	173	-2.1575480461559966
7	127	149	-4.704192704168227
38	58	80	8.156142093804245
88	119	126	1.7287820811248
19	71	189	3.9876304782615293
57	144	155	5.680812250961328
103	106	181	7.3237829403798465
26	69	151	-5.881924637493823
85	100	136	-1.9068407217014194
54	67	178	9.903964480604806
2	33	117	8.307327228880183
143	177	200	-3.8484213057830674
9	58	182	7.787999760499908
35	66	124	-8.963881752764333
120	129	156	-4.739079870726783
57	94	117	-1.84760680024716
84	119	131	-3.10371917935141
55	58	60	-3.604556094355644
18	29	107	-5.786135222274373
98	191	198	7.1612570966307025
77	83	137	4.658119292320764
191	192	198	7.321554765633348
8	116	170	8.219720591443206
38	112	182	0.5628063285810914
71	95	163	-9.795386610499452
34	77	151	-7.0146454627470645
-1