3 	 200 	 450 
13	20	125	-2.9049371584848878
76	80	146	7.5058166465172995
47	164	197	9.00377861714615
44	59	119	4.276899729124452
77	134	174	-4.0297260847472245
20	50	57	-0.8812670375964142
21	66	165	2.8252829653430496
129	189	199	-4.534609116842711
76	139	167	2.444841169984768
4	42	44	3.525769032277843
43	52	119	-8.350508221235465
56	77	169	-0.3820809639499796
35	42	164	9.758434145064193
18	29	150	6.725875936766105
93	170	171	2.763393011123245
33	93	162	0.11439470300561183
10	145	150	-3.7575849764280704
12	52	184	5.141007900491065
27	90	170	-6.09725688849168
9	49	66	6.094991827602396
38	48	170	9.080367393660914
34	51	81	9.916860088940005
46	65	149	-6.48232065676289
124	128	172	5.636945894728061
117	125	141	0.8070212859324304
83	120	193	-4.058013380274805
45	129	130	-8.230284350927064
13	34	161	-5.241517329978473
10	79	157	-6.987298131303983
94	101	124	2.5982228246392953
36	47	193	-9.99365034483115
144	154	184	-9.23793546180681
25	67	82	2.0356406106598435
36	113	196	-7.384716396586823
68	69	81	-8.707918024508633
14	69	187	-7.460151987185062
73	104	165	2.709522962604323
14	127	161	5.540162934045007
103	148	151	5.236553809570452
10	156	173	5.409909431554949
21	79	95	8.709075508789073
90	133	150	4.056626986999001
77	145	171	0.866932166021126
65	87	164	4.424163452432964
3	45	179	7.66629173173412
73	113	122	-4.45394013061625
7	49	107	7.064546820281162
49	63	77	-4.6049374112620045
21	66	92	4.205987735091135
69	82	124	-5.46924230945844
12	35	129	2.0554658562129973
53	57	69	-6.167654596787324
145	147	172	9.653833145076948
113	144	174	0.7117369547198997
28	73	109	3.593651799877563
27	40	194	-1.9181279362649022
13	70	79	7.50603620011929
52	88	121	-5.788973003729723
45	58	161	-9.668130046982647
101	105	133	0.939639512413077
1	15	174	-3.250310225046638
67	124	171	1.8402478800850215
38	91	110	-7.908470079635932
82	93	195	-2.898467972652659
17	55	110	9.350125746861334
59	61	140	4.383091250151052
19	143	165	2.252964323373945
24	76	115	0.8500298776472182
49	61	86	-9.465353223525286
28	39	106	0.4621698638689349
25	104	161	0.5004043867690537
89	176	191	0.831473810561981
20	61	120	0.7556983487564821
60	70	101	8.624569067975457
29	120	133	-2.433190916708254
82	88	129	-4.459979524541014
55	162	167	-4.431536353115318
39	67	119	0.500520693740846
38	107	161	5.3936956977705925
52	82	183	8.44265302485828
65	138	196	-0.1044553283910794
12	72	108	-3.9512138940162274
158	177	196	6.891865072234651
26	64	164	5.791699479002737
54	91	192	-4.373295637535286
32	69	72	-9.649920826723923
65	145	158	3.1911998636483556
92	146	164	-1.9488737748691491
45	163	187	-4.832760713736652
30	78	94	1.4468922955649273
6	10	82	-4.767310752301455
32	176	177	0.947293331268666
64	83	104	2.988955066282861
18	100	190	1.136898223437191
129	134	146	-0.025378760655330623
36	39	91	-7.302406406531454
131	147	158	-5.7436172209170655
30	45	165	7.501358454604599
7	59	139	-5.037984138884097
35	104	193	-6.4345439478235855
74	91	98	8.694385060847136
56	133	150	-8.767388412303772
21	69	199	9.60871456620065
50	147	153	-3.2266412513975107
101	114	115	5.184409933167016
86	110	136	-7.756011872446686
49	158	186	6.694397044574178
93	95	142	-4.3934425594143605
35	109	164	4.877861762353906
107	146	190	-5.332964784702696
4	41	111	3.4263017718510387
54	81	169	-5.3852667869661675
11	77	162	4.696207615965653
50	154	161	-3.2975157623493345
10	52	168	-7.352140919093861
89	100	114	8.872814484368629
98	107	197	-5.695934229579256
52	120	123	-5.491631758061331
57	93	130	-3.1162387633868764
77	119	132	6.055028966597316
43	109	163	-9.126755685265781
51	63	114	-3.5716260174667536
25	79	103	-2.154326233738953
77	130	177	3.7880585394167277
58	59	60	-1.1299535493745338
110	144	170	-0.013369930765598781
41	133	152	7.0169600630632125
83	124	189	-8.546286892412443
36	40	124	1.8709951374764948
79	134	189	-2.703974970126872
122	147	200	-1.542086089164652
8	39	182	-4.448229584205556
31	39	123	9.01415570919838
8	36	195	4.8421367616693125
56	119	143	4.758334659320054
97	157	169	-4.29927150927446
28	49	139	3.94645361222034
2	69	132	-4.946752446397977
136	163	198	-7.547523957344781
173	185	189	-6.717107240524505
47	69	200	8.674218604147367
90	119	150	-8.838499768241526
32	41	76	7.854821096933325
59	120	128	-3.770886038976043
1	25	74	-4.435029053310078
51	72	139	3.7895138354199034
37	63	197	6.4047598795127705
7	169	194	0.47934990942926703
23	81	182	-2.4953888600631196
126	154	175	7.4710287019956425
44	123	158	-3.4117234655778557
46	51	183	-6.2638324342399905
58	95	96	-0.5883839354823976
29	79	100	-3.693130201342427
13	78	188	4.953764031054856
1	91	161	-3.766417369763005
50	95	96	-5.097944453430512
9	46	99	7.603589700656418
65	73	155	1.7380456336841874
29	82	85	5.151341018549726
31	76	80	-2.81077865487312
89	162	198	4.095169879337018
49	127	149	-8.731515138861607
12	34	124	-0.3651964970728283
55	72	200	-7.097278907204974
34	47	133	-3.040144209466482
18	100	162	-3.177053391787683
2	86	159	-7.011571989526438
130	145	154	-3.853599963810808
8	112	179	9.728589325444869
48	105	147	-5.766401917311272
102	115	155	7.320611503040574
144	156	194	0.08718427930272199
33	60	106	0.5819210766173928
39	126	178	-8.902273032708276
64	148	171	6.905231668918493
10	82	171	-4.156216833464928
84	138	181	-9.602428123713114
38	145	193	8.097087385349422
25	61	94	1.8109807686416008
144	158	172	2.956836796569748
59	162	194	-5.750064083629274
1	31	34	8.26046272879772
25	180	188	-2.707022275089348
35	42	95	9.382795275119523
18	79	175	-5.249713122351705
9	51	186	2.171427741979395
24	64	119	-8.01571970183125
88	105	141	8.105114121781327
106	116	167	4.876467053391229
45	107	148	2.3932558337111693
90	104	171	-4.101586498731129
35	146	151	3.177773386504466
51	143	182	-8.906668788567462
103	142	152	0.3005433412818199
9	156	186	-6.54141183471433
126	156	174	4.273853556074197
84	108	188	-6.548591605792038
24	117	183	-7.764917196788508
23	106	173	8.165344528265031
106	161	169	1.179747634649429
40	138	165	3.9854516233483377
12	23	196	-9.778649006905027
25	118	177	-4.971633209329076
71	140	152	-6.456769876021413
136	162	170	5.323902390288085
118	151	199	2.674596829091726
71	119	194	-2.423745446052637
12	48	168	0.7053635023656248
76	182	192	4.869594491009375
85	179	193	4.654461251699944
35	153	185	-9.916484819588732
89	124	153	-1.5196019825506326
82	162	173	-3.4734548523286968
18	61	186	6.657150176125349
17	25	197	-6.334512048519523
52	67	141	1.196475965642147
28	136	152	9.143271665212694
24	52	190	-9.74816093614039
110	114	199	-5.823214542030184
22	30	41	9.848561818387246
47	54	122	4.265706026803354
147	165	181	-8.603642615557622
34	87	146	3.3293951182602335
88	113	156	-8.330957323006166
10	171	196	2.6898218985889795
4	105	156	-9.208152931297239
40	58	138	7.092094530005227
39	148	196	2.4582857394839976
2	118	183	1.4062250640170877
29	166	187	-4.772033829144757
2	6	86	-8.98439435822009
30	189	192	-0.40092153290129495
29	164	168	5.27969627233675
64	72	98	5.688637016262263
16	140	187	7.299238135684561
16	88	199	-3.4999788935336067
63	101	162	-4.430453955978089
39	115	154	-1.8807848228881259
20	65	72	-0.9517543231513788
9	67	110	-2.551969045924034
144	161	171	-2.3918871476504595
37	128	175	2.6979709493986945
24	50	177	-5.415939122122515
92	148	175	-1.8854546654357485
96	116	141	-4.443751772667395
111	131	177	6.949455725885549
105	173	192	-2.9058041844470894
16	105	189	7.205729070142997
4	119	125	-4.767057528313718
28	79	109	-3.9713925230313274
75	77	95	2.285959118877255
19	121	122	6.702441561156164
93	101	169	-4.7331667056896
37	195	198	2.47822162693501
44	83	193	0.09310881857892461
26	151	160	6.766487338500731
114	139	160	-2.977440691245623
40	48	108	7.292204327528452
85	92	122	-8.910704149467767
54	63	195	8.329261714452954
45	83	107	0.840463861382716
55	67	149	0.26048007651090543
65	119	145	-7.393756305571841
78	145	195	-5.728373971056953
10	25	161	5.711380953774404
17	65	172	6.495458832779974
14	52	72	-0.5229893640630952
107	171	173	8.604679637871602
54	105	125	0.007840130771448628
35	150	190	-8.116186013433435
22	36	83	0.4102819418809194
11	66	143	9.131875889844462
74	120	182	-3.3404163900359034
43	173	179	-4.523265043465148
102	128	194	4.8772155714819565
94	118	163	0.296899808811407
124	196	199	1.5813582998397386
39	84	137	-7.759748042492656
111	163	178	-8.915336013048318
25	55	178	-5.27907723282151
47	103	151	-4.348023840629147
53	94	128	4.603270536353355
33	59	150	2.4023982852843595
6	158	200	1.5268879394106776
82	97	155	0.6796004245352307
29	102	130	-4.26016885066876
48	66	151	2.749645552249053
14	41	75	-7.292110216340264
76	161	183	-0.5298127967554311
124	152	155	1.824422036078099
34	36	180	7.534909435065295
23	112	194	-3.5534893604462336
34	72	101	-5.995684843003472
17	63	185	1.8026253431750394
21	27	148	7.2085742334705
81	132	186	-2.2522332273573404
67	77	178	-4.078263381641647
28	70	156	1.765011977614833
11	50	141	7.357285365863692
6	97	159	-1.3265345164451858
5	26	95	-2.9006048193798843
84	107	175	-4.200280522654552
31	35	60	1.4627017218970373
16	116	159	-1.7095705012967333
28	85	165	4.248118092146068
105	117	199	-3.7600431170989435
44	151	172	-6.002921352935784
70	78	87	-2.3586761022574603
86	103	164	-8.596683204601167
64	148	198	-6.455706384930147
38	122	150	4.696642130743026
20	112	144	-8.297555640878024
32	52	134	-5.597145052115011
134	149	180	6.32558326899472
6	56	172	0.4242165695250044
21	115	129	-8.366035130504768
100	135	140	8.983836970430033
13	81	92	-6.139153051025568
77	176	199	-2.7551123017481727
57	70	150	-0.5257910200455722
65	110	166	2.151112512600209
20	66	84	-3.2986271539172174
69	72	132	3.986524864237621
100	119	144	2.525873887519662
31	45	88	-1.3237429318403038
86	108	137	-6.920580201187281
96	158	197	7.43788849095575
59	88	195	-9.895738357896187
124	145	150	-6.0836706601482415
89	90	152	-4.400643615759561
52	156	200	2.81505706581237
12	43	61	-6.542153881592028
41	140	175	-8.983076830360012
77	169	182	-6.375569128541841
10	42	191	-6.634814158103321
114	134	195	-4.43426515267112
5	78	179	3.034641888009954
36	158	194	2.7324418103460673
39	102	133	9.128015471855878
13	156	197	-9.286842433650179
61	124	129	-0.7759940647710089
2	168	179	-2.267803566702346
78	133	143	4.10946886663098
35	48	56	-7.504210674405776
29	117	134	0.5223367163947241
4	166	199	9.641683180421495
113	117	199	-6.629847941286082
142	155	189	9.328549698957303
123	131	176	-0.8413348463493975
69	89	96	-7.486563770773587
79	115	161	7.294658390259311
94	104	190	1.623084267383616
148	160	189	5.93170554588044
57	118	198	-1.2453872888294484
15	163	198	2.930802218184338
17	96	170	-2.856396205524332
141	157	186	3.9047839939341245
53	178	180	2.2896540787827675
1	72	176	-1.4085707003664538
28	104	160	9.090846961357265
13	129	180	6.794731846097033
131	135	191	5.001649740471489
92	169	194	0.5134577558889966
96	173	181	-5.115683720140307
16	56	107	-5.3057754891532705
91	95	124	3.051030389567721
44	124	160	-4.829103462044076
42	86	178	-8.357321714272219
100	137	146	3.305779607791841
1	89	193	6.861911796366837
23	134	142	-3.7702752484429025
123	183	196	0.32387790258037086
88	100	155	-9.4272408165222
37	156	185	1.8481841992974921
83	92	170	9.205156178817841
63	76	195	9.03662947374579
142	163	176	7.589072954770426
57	58	118	-6.532192990588568
43	76	140	-7.236847364492727
136	152	175	-5.318939566978456
110	152	178	1.486779777529943
3	7	91	0.7354341687652006
20	145	168	-1.6003649649712752
84	105	178	-5.257415284452089
77	79	87	0.4110485208048491
34	168	186	-1.4796175006667305
135	158	179	5.222249502173728
23	137	199	-0.21239402500017945
26	51	90	9.27687307085015
92	110	147	-8.654688563568103
20	47	61	-2.5766144473254426
7	154	160	-1.6427561532245853
70	118	125	9.420516051986837
16	26	30	7.228045027524281
18	79	115	6.725826566616039
18	65	96	-0.11825660969179452
79	130	187	4.4038012069297245
29	38	87	3.3131333389045245
93	134	149	-3.1875873689554757
42	131	192	-1.6282499396260057
50	58	103	-8.98490510599376
15	64	148	7.143243649919103
64	74	111	9.461561808676898
50	53	74	-6.6975010614818515
67	85	116	3.129744160172507
33	124	187	0.17281894096988104
6	14	96	-0.3596817658302971
68	121	156	7.2956272295747056
18	148	170	5.94237430323005
99	118	177	2.6164944298591397
48	112	173	-3.8278125284699343
37	98	154	-7.584297248305147
82	152	155	-7.344122648724767
20	135	153	-4.070742904741184
122	178	186	6.8068260669070995
77	150	174	3.529367866650457
50	120	166	0.6664461834434618
45	71	138	-3.110027842338967
48	160	178	7.591073542841883
30	37	110	-4.798908383406523
71	159	160	-0.5711115890527836
92	117	186	9.831716970908836
5	31	184	5.749586854831035
45	90	175	3.4864231928829863
4	155	182	-8.28132836280989
40	78	160	-9.763398129328717
101	147	194	-5.030061474494847
36	125	159	1.4840115337915183
166	170	196	-4.144028313423711
87	162	194	-5.778692863770161
18	165	189	-7.9484512912877925
34	78	196	2.7092320340890943
85	107	139	5.611150667034861
31	87	112	0.7554158625388947
11	44	145	6.827072847451564
54	79	91	2.3389006183270595
73	132	175	-8.384897820892526
85	148	199	-0.16504118406931667
80	113	163	-5.642791817702273
11	22	136	-1.2713414259530573
71	118	196	5.285784274733974
71	81	180	-9.257430815699859
122	130	173	-3.4944269815865248
89	128	171	2.370637052594848
49	123	161	5.429607036007496
79	145	173	2.0680254989972155
13	19	74	3.3862473154329837
87	135	197	-3.5553744627138384
58	68	137	0.9877875699581544
-1